# callgrind format
version: 1
creator: callgrind-3.18.1
pid: 545520
cmd:  ./run_front
part: 1


desc: I1 cache: 32768 B, 64 B, 8-way associative
desc: D1 cache: 32768 B, 64 B, 8-way associative
desc: LL cache: 16777216 B, 64 B, direct-mapped

desc: Timerange: Basic block 0 - 41300
desc: Trigger: Program termination

positions: instr line
events: Ir Dr Dw I1mr D1mr D1mw ILmr DLmr DLmw
summary: 0


ob=(4) ???
fl=(3) ???
fn=(136) 0x000000000010a2d0
0x10a2d0 0 3 0 0 1
+4 0 3 3
cob=(2) /usr/lib/x86_64-linux-gnu/libc.so.6
cfi=(13) ./malloc/./malloc/malloc.c
cfn=(138) free
calls=25 0xa53e0 3352 
* 0 267 84 45 4

fn=(250) 0x000000000487c4d0
0x487c4d0 0 4
+4 0 4 4
cob=(2)
cfi=(34) ./string/../sysdeps/x86_64/multiarch/strchr-avx2.S
cfn=(252) __strchrnul_avx2
calls=12 0x19d600 51 
* 0 76 8 0 0 1 0 0 1

fn=(428) 0x000000000010a4f0
0x10a4f0 0 1 0 0 1
+4 0 1 1
cob=(2)
cfi=(62) ./io/../sysdeps/unix/sysv/linux/creat64.c
cfn=(430) creat
calls=1 0x1152d0 26 
* 0 9 2 0 1 0 0 1

fn=(214) 0x000000000487c620
0x487c620 0 2 0 0 1
+4 0 2 2
cob=(2)
cfi=(22) ./string/../sysdeps/x86_64/multiarch/memmove-vec-unaligned-erms.S
cfn=(88) __memcpy_avx_unaligned_erms
calls=4 0x1a09c0 307 
* 0 24 6 4 1 0 0 1

fn=(342) 0x000000000010a490
0x10a490 0 3
+4 0 3 3
cob=(2)
cfi=(32) ./io/../sysdeps/unix/sysv/linux/open64.c
cfn=(166) open
calls=3 0x1146d0 30 
* 0 107 22 13 4 0 0 1

fn=(348) 0x000000000010a3c0
0x10a3c0 0 12 0 0 1
+4 0 12 12
cob=(2)
cfi=(61) ./io/../sysdeps/unix/sysv/linux/lseek64.c
cfn=(350) lseek
calls=12 0x114b00 28 
* 0 72 12 0 1 0 0 1

fn=(16) 0x000000000487c490
0x487c490 0 4 0 0 1
+4 0 4 4
cob=(2)
cfi=(6) ./string/../sysdeps/x86_64/multiarch/strlen-avx2.S
cfn=(18) __strlen_avx2
calls=10 0x19d9e0 50 
* 0 56 8

fn=(432) 0x000000000010a3f0
0x10a3f0 0 1
+4 0 1 1
cob=(2)
cfi=(63) ./io/../sysdeps/unix/sysv/linux/close.c
cfn=(434) close
calls=1 0x115140 26 
* 0 9 2 0 1 0 0 1

fn=(38) 0x000000000487c380
0x487c380 0 2
+4 0 2 2
cob=(2)
cfi=(13)
cfn=(40) malloc
calls=8 0xa50a0 3287 
* 0 406 80 74 0 0 1 0 0 1

fn=(374) 0x000000000010a400
0x10a400 0 10
+4 0 10 10
cob=(2)
cfi=(38) ./io/../sysdeps/unix/sysv/linux/read.c
cfn=(196) read
calls=10 0x1149c0 25 
* 0 80 20

fn=(308) 0x000000000010a360
0x10a360 0 4
+4 0 4 4
cob=(2)
cfi=(6)
cfn=(18)
calls=7 0x19d9e0 50 
* 0 56 8 0 0 1 0 0 1

fn=(210) 0x000000000010a530
0x10a530 0 2
+4 0 2 2
cob=(2)
cfi=(42) ./string/./string/strdup.c
cfn=(212) strdup
calls=4 0xa8570 40 
* 0 506 100 86 4 0 1 1 0 1

fn=(310) 0x000000000010a300
0x10a300 0 2
+4 0 2 2
cob=(2)
cfi=(58) ./string/../sysdeps/x86_64/multiarch/strcpy-avx2.S
cfn=(312) __strcpy_avx2
calls=3 0x19eeb0 53 
* 0 54 8 4 2 0 0 2

fn=(114) 0x000000000010a470
0x10a470 0 30
+4 0 30 30
cob=(2)
cfi=(13)
cfn=(40)
calls=79 0xa50a0 3287 
* 0 6078 1200 1110 0 0 18 0 0 18

fn=(274) 0x000000000010a420
0x10a420 0 62
+4 0 62 62
cob=(2)
cfi=(52) ./string/../sysdeps/x86_64/multiarch/strcmp-avx2.S
cfn=(276) __strcmp_avx2
calls=71 0x198b40 83 
* 0 1302 310 0 0 1 0 0 1

fn=(318) 0x000000000010a500
0x10a500 0 1 0 0 1
+4 0 1 1
cob=(2)
cfi=(59) ./stdio-common/./stdio-common/sprintf.c
cfn=(320) sprintf
calls=1 0x60880 25 
* 0 1248 212 181 26 1 0 22 1

ob=(2)
fl=(63)
fn=(434)
0x115140 26 1 0 0 1 0 0 1
+4 +1 1 1
+8 * 1
+2 * 1
+2 * 1
+5 * 1
+2 * 1
+6 * 1
+2 +1 1 1

fl=(52)
fn=(276)
0x198b40 83 62
+4 +23 62
+2 +1 62
+2 +2 62
+4 +1 62
+2 +1 62
+5 +1 62
+5 +1 62
+6 +2 62 62
+4 +1 62 62 0 0 1 0 0 1
+4 +1 62
+4 +1 62
+4 +1 62
+4 +1 62
+2 +1 62
+2 +1 62
+4 +18 62 62
+4 +1 62 62
+4 +1 62
+2 +3 62
+3 * 62 62

fl=(60) ./libio/./libio/iovsprintf.c
fn=(322) __vsprintf_internal
0x818e0 72 1 0 0 1 0 0 1
+4 * 1 0 1
+2 * 1
+3 +7 1
+5 -7 1 0 1
+2 * 1 0 1
+2 * 1
+3 +7 1
+3 -7 1 0 1
+2 * 1
+3 +7 1 0 0 1 0 0 1
+5 -7 1 0 1
+1 * 1
+3 * 1 0 1
+1 * 1
+3 +7 1
+2 -7 1
+7 * 1 1
+9 * 1 0 1
+8 * 1
+2 +7 1
+3 -2 1 0 1
+12 +2 1
+3 * 1 0 1
cfi=(9) ./libio/./libio/genops.c
cfn=(150) _IO_no_init
calls=1 0x8e650 563 
* * 46 8 18
+5 +8 1 0 0 1 0 0 1
+4 +4 1
+3 * 1
+3 -4 1
+7 * 1
+7 +4 1
+3 -4 1
+4 * 1 0 1
+8 +4 1
+2 * 1
+4 * 1
+3 * 1
+3 * 1
+3 * 1 0 1
cfi=(49) ./libio/./libio/strops.c
cfn=(264) _IO_str_init_static_internal
calls=1 0x8f9b0 -55 
* * 72 12 15
+5 +4 1
+3 * 1
+3 * 1 0 0 1 0 0 1
+3 * 1
+3 * 1 0 1
cfi=(46) ./stdio-common/./stdio-common/vfprintf-internal.c
cfn=(248) __vfprintf_internal
calls=1 0x75030 1180 
* * 1046 177 125 19 1 0 15 1
+5 +2 1 1
+5 * 1 0 1
+3 +2 1 1
+8 * 1 1
+9 * 1
+2 * 1
+7 * 1 1
+1 * 1 1
+1 * 1 1
+2 * 1 1
+2 * 1 1
+2 * 1 1
+2 * 1 1

fl=(62)
fn=(430)
0x1152d0 26 1 0 0 1 0 0 1
+4 +2 1 1
+8 * 1
+2 * 1
+2 * 1
+5 * 1
+2 * 1
+6 * 1
+2 +5 1 1

fl=(46)
fn=(248)
0x75030 1180 1
+4 * 1 0 1
+2 * 1 0 1
+2 * 1 0 1
+2 * 1 0 1
+2 * 1 0 1
+1 * 1
+3 * 1 0 1
+1 * 1
+7 * 1 0 1
+5 * 1 0 1
+5 * 1 0 1
+4 +30 1 1
+9 * 1 0 1
+8 * 1 1
+7 * 1 1
+3 * 1 0 1
+7 +8 1 1
+6 * 1
+2 * 1 0 0 1
jcnd=4/1 0x75500 * 
* * 
+16 +4 1 1
+3 * 1
+3 * 1
+6 * 1 1
+6 * 1
+6 +11 1
+3 * 1
+6 +11 1 1
fi=(51) ./stdio-common/./stdio-common/printf-parse.h
+5 111 1 1
+5 * 1
fe=(46)
+5 1244 1 1
+4 * 1 0 1
+8 * 1 1
+4 * 1 0 1
+5 * 1 0 1
fi=(51)
+8 111 1 0 1
cob=(4)
cfi=(3)
cfn=(250)
calls=4 0x487c4d0 0 
* * 21 3
fe=(46)
+5 1259 1 0 1
fi=(51)
+8 111 1 0 1
fe=(46)
+5 1259 1 0 1
+8 * 1
+3 * 1
jcnd=1/1 0x75518 * 
* * 
+6 239 1 1
fi=(64) ./stdio-common/../libio/libioP.h
+7 940 1
fe=(46)
+7 1263 1 1
fi=(64)
+5 942 1
+7 -2 1 1
fe=(46)
+7 1263 1 1
fi=(64)
+5 940 1 0 1
+5 * 1
+3 +2 1
+3 * 1
+3 +1 1
+3 * 1
fe=(46)
+6 239 1 1
+5 * 1
+3 * 1
+3 * 1 1 1
cfi=(9)
cfn=(72) _IO_default_xsputn
calls=3 0x8ddc0 371 
* * 5 1
+5 * 1
+3 * 1
+6 127 1
+3 * 1
+3 * 1
+3 * 1
+4 * 1
+3 * 1
+5 * 1
+3 * 1
+2 * 1
+6 1263 1
+2 * 1
+6 +4 1 1 0 1
+5 * 1 1
+5 * 1
jcnd=1/1 0x7533d 1608 
* * 
+6 +4 1 1
+7 * 1 0 1
+8 * 1
+3 * 1
+6 * 1 1
+8 * 1
+6 * 1 1
+8 * 1
+6 1532 1 1
+4 1214 1 0 1
+11 +34 1 0 1
+8 -8 1 0 1
+12 1532 1
+2 * 1
+3 * 1 0 1
+7 +23 1
+2 -39 1
+3 +39 1
+3 -39 1 0 1
+7 +39 1 0 1
+7 * 1
+9 1313 1
+4 * 1 1
+5 * 1
+7 * 1
+4 * 1
+2 * 1
-22 * 2
+4 * 2 2
+5 * 2
+7 * 2
+4 * 2
+2 * 2
+2 * 3
+4 * 3
+7 * 3
+7 * 3
+3 * 3
+2 * 3 3
+4 * 3 3
+4 * 3
+7 * 3
+3 +39 3 3
+7 -51 3
+3 -1 3
+3 -1 3
+3 -1 3
+2 +5 3
+6 1501 3
fi=(51)
+7 88 3
fe=(46)
+6 1352 3 3
+4 -46 3 0 3
+8 -4 3 0 3
+8 +50 3 0 3
+5 1501 3
+7 1295 3 0 3
+8 -1 3 0 3
+8 -1 3 0 3
+8 -1 3 0 3
+8 -1 3 0 3
+8 +16 3 0 3
+5 * 3
jump=1 0x75f20 1463 
* * 
jump=2 0x75710 1564 
* * 
jump=1 0x757a0 1574 
* * 
jump=1 0x760a0 1516 
* * 
jump=1 0x76020 1595 
* * 
jump=2 0x75f50 1516 
* * 
0x7533d 1608 1 1
+7 * 1
jcnd=1/1 +60 * 
* * 
+2 +1 1 1
+8 * 1
jcnd=1/1 0x75588 * 
* * 
+6 +3 1 1
+8 * 1 1
+9 * 1
+6 * 1
+7 * 1
+3 * 1 1
+1 * 1 1
+1 * 1 1
+2 * 1 1
+2 * 1 1
+2 * 1 1
+2 * 1 1
0x75500 1218 1
+3 * 1
jcnd=4/1 0x75090 +4 
* * 
0x75710 1564 2 0 0 1 0 0 1
+4 -47 2 2
+5 * 2 2
+2 * 2
+3 * 2
+6 * 2
+2 * 2
+3 * 2 2
+4 * 2 0 2
+2 * 2 2
+3 * 2
+3 * 2
+3 * 2
+3 * 2 0 0 1 0 0 1
jcnd=2/2 0x758af * 
* * 
0x758af * 2 0 0 1 0 0 1
+4 * 2
+6 * 2
+2 * 2 0 0 1 0 0 1
+6 * 2
+4 * 2
jcnd=2/2 0x76d29 * 
* * 
+20 * 2 2
+5 * 2
+3 * 2
jcnd=2/2 0x76fe0 239 
* * 
0x75a66 -1 1
+4 * 1
jcnd=2/1 0x76090 * 
* * 
+28 * 1
+2 * 1 1
+4 * 1
+4 * 1
+3 * 1
+8 * 1
+3 * 1 0 1
+8 * 1
+8 * 1
+3 * 1 0 1
+8 * 1 0 1
cfi=(50) ./stdio-common/./stdio-common/_itoa.c
cfn=(266) _itoa_word
calls=3 0x5a230 163 
* * 26 2 1
+5 * 1 1
+8 * 1 1
+8 * 1 1
+8 * 1
+3 * 1
+3 * 1
+2 * 1 1
+4 * 1
+2 * 1
jcnd=3/1 +53 * 
* * 
+53 * 1 1
+5 * 1
+2 * 1 1
+4 * 1
+2 * 1
jcnd=3/1 +39 * 
* * 
+39 * 1
+3 * 1
+3 * 1 1
+5 * 1
jcnd=3/1 0x765c0 * 
* * 
+87 * 1 1
+4 * 1
+3 * 1 1
+4 * 1
jcnd=3/1 0x76660 * 
* * 
+72 * 1
+3 * 1
jcnd=1/1 0x75c70 * 
* * 
0x75c70 * 1
+4 192 1
+3 * 1
+6 +47 1 1
fi=(64)
+7 942 1
+7 * 1
+3 * 1
+3 +1 1 1
+5 * 1
fe=(46)
+6 239 1
+3 * 1
+3 * 1
+3 * 1 1 1
cfi=(9)
cfn=(72)
calls=3 0x8ddc0 371 
* * 61 10 8
+4 * 1
+3 * 1
+6 127 1
+3 * 1
+2 * 1
+3 * 1
+6 * 1
+3 * 1
+6 * 3
+3 * 3
+3 * 3
+3 * 3
+5 * 3
+3 * 3
+2 * 3
+6 1517 3
+2 * 3
jcnd=5/3 0x75f80 +72 
* * 
0x75f20 -54 1 0 0 1 0 0 1
+4 +53 1
+3 * 1
jcnd=1/1 0x76aa8 1392 
* * 
+89 +73 3
fi=(51)
+4 111 3
fe=(46)
+5 1583 3 0 3
fi=(51)
+5 111 3
+3 * 3 0 3
cob=(4)
cfi=(3)
cfn=(250)
calls=6 0x487c4d0 0 
* * 63 9 0 0 1 0 0 1
fe=(46)
+5 239 3 3
fi=(64)
+7 942 3
fe=(46)
+7 1593 3
fi=(51)
+3 111 3
fi=(64)
+3 942 3
fe=(46)
+3 1593 3
fi=(64)
+3 942 3
+3 +1 3 3
+5 * 3
fe=(46)
+6 239 3
+3 * 3
+3 * 3
+3 * 3 3 3
cfi=(9)
cfn=(72)
calls=8 0x8ddc0 371 
* * 132 22 17
+3 * 3
+3 * 3
+6 127 3
+3 * 3
+2 * 3
+3 * 3
+6 * 3
+3 * 3
+6 * 3
+3 * 3
+3 * 3
+3 * 3
+5 * 3
+3 * 3
+2 * 3
+6 1593 3
+2 * 3
+6 +2 3 3
+5 * 3
jcnd=5/3 0x75210 1313 
* * 
+6 * 1
jump=3 0x7533d +13 
* * 
0x76090 -79 1 0 1 1
+9 * 1
jump=3 0x75a86 * 
* * 
0x7659d * 1 1 0 1 0 0 1
+4 * 1
+2 * 1
+6 * 1 1
+5 * 1
+3 * 1
+3 * 1
jump=1 0x75baf * 
* * 
+12 * 1
+3 * 1
jcnd=1/1 0x77038 * 
* * 
0x76660 * 1 1
+5 * 1
+6 192 1
+3 * 1
jcnd=3/1 0x77541 1516 
* * 
0x76aa8 1392 1 1 0 1 0 0 1
+5 * 1 1
+2 1516 1
+3 * 1
jcnd=1/1 0x76db7 * 
* * 
+30 * 1 0 0 1 0 0 1
+3 * 1
+3 * 1
+6 * 1 0 1
+8 * 1
+3 * 1
jump=1 0x75a66 * 
* * 
0x76d29 +1 2 0 0 1 0 0 1
+3 * 2 0 2
cob=(4)
cfi=(3)
cfn=(16)
calls=2 0x487c490 0 
* * 32 6 0 1
+5 * 2
+3 * 2
jump=2 0x758d9 * 
* * 
0x76db7 -1 1 0 0 1 0 0 1
+3 * 1
+6 * 1 0 0 1 0 0 1
+3 * 1
+6 * 1
+2 * 1
+3 * 1 1
+4 * 1 0 1
+2 * 1 1
+3 * 1
jump=1 0x76ad0 * 
* * 
0x76fe0 239 2 2 0 1 0 0 1
fi=(64)
+7 942 2
+7 * 2
+3 * 2
+3 +1 2 2
+5 * 2
fe=(46)
+6 239 2 0 0 1 0 0 1
+3 * 2
+3 * 2
+3 * 2 2 2
cfi=(9)
cfn=(72)
calls=2 0x8ddc0 371 
* * 156 27 23 1 0 0 1
+4 * 2
+3 * 2
+6 127 2
+3 * 2
+2 * 2
+3 * 2
+2 * 2
+3 * 2
jcnd=2/2 0x75cc9 * 
* * 
+22 1516 1 1
+5 * 1 0 0 1 0 0 1
+5 * 1
+3 * 1
+4 * 1
+3 * 1
jump=1 0x7659d * 
* * 
0x77541 * 1
+3 * 1
jump=3 0x75c02 * 
* * 

fl=(61)
fn=(350)
0x114b00 28 12 0 0 1 0 0 1
+4 +8 12
+5 * 12
+2 * 12
+6 * 12
+2 +2 12 12

fl=(38)
fn=(196)
0x1149c0 25 10
+4 +1 10 10
+8 * 10
+2 * 10
+2 * 10
+2 * 10
+6 * 10
+2 +1 10 10

fl=(58)
fn=(312)
0x19eeb0 53 2
+4 +6 2
+3 +2 2
+3 +5 2
+4 +2 2
+3 +1 2
+3 +1 2
jcnd=1/2 0x19f0ab 304 
* * 
+6 +2 2
+4 +1 2
+3 +2 2 2
+4 +1 2
+4 +1 2
+3 +14 2
+2 +1 2
jcnd=2/2 0x19f0e3 349 
* * 
0x19f0e3 349 2
+3 +2 2
+3 +2 2
+3 +1 2
+6 +1 2
+3 +1 2
jcnd=1/2 0x19f200 626 
* * 
+6 +1 1
+3 +1 1
jcnd=1/1 0x19f1e0 609 
* * 
0x19f1e0 609 1 1 0 1 0 0 1
+3 +1 1 1
+5 +1 1 0 1
+3 +1 1 0 1
+5 +10 1
+3 * 1 1
+13 +4 1 1 0 1 0 0 1
+4 +1 1 1
+6 +1 1 0 1
+4 +1 1 0 1
+6 +10 1
+3 * 1 1

fl=(13)
fn=(40)
0xa50a0 3287 32
+4 * 32 0 32
+2 * 32 0 32
+1 * 32
+3 * 32 0 32
+1 * 32
+4 +7 32 32
+7 * 32
jfi=(14) ./malloc/./malloc/arena.c
jcnd=1/32 0xa52d0 315 
* * 
+6 1343 32
+3 * 32
+6 +19 32
+4 * 32
+3 * 32
+4 * 32
jcnd=84/32 0xa51b0 * 
* * 
+6 3306 32 32
+7 * 32 32
+4 * 32
+3 * 32
jcnd=1/32 0xa51c8 -65 
* * 
+6 +3 32 32
+7 * 32
jcnd=85/32 0xa5200 +2 
* * 
+6 +10 32 32
+8 * 32
+2 * 32
jcnd=67/32 0xa5250 +2 
* * 
0xa51a2 +28 32
+4 * 32 32
+1 * 32 32
+1 * 32 32
+2 * 32 32
+6 1362 30
+4 3304 30
+4 * 30
+4 * 30
jump=84 0xa50d6 +2 
* * 
+68 +7 32 32
+5 * 32
+3 * 32
jcnd=65/32 0xa50f7 +8 
* * 
+72 +10 32
+7 * 32
+3 * 32
+3 * 32 0 32
cfn=(56) _int_malloc
calls=67 0xa39b0 1343 
* * 5020 928 1056 0 0 19 0 0 19
+5 +1 32
+3 * 32
+6 * 32 32
+4 * 32
+3 * 32
fi=(14)
+6 162 32
+3 * 32
jfi=(13)
jcnd=67/32 0xa51a2 3347 
* * 
fe=(13)

fn=(142) _int_free
0xa26a0 4421 3 0 3 1
+2 * 3 0 3
+2 * 3 0 3
+2 * 3
+3 * 3 0 3
+2 * 3 0 3
+1 * 3 0 3
+1 * 3
+4 +10 3 3
+4 -10 3 3
+9 * 3 0 3
+5 * 3
+2 +10 3
+3 * 3
+4 +6 3
+3 * 3
+3 * 3
+3 * 3
+6 * 3
+3 +1 3
+4 * 3
+6 +4 3
+4 * 3
+6 * 3
+3 * 3
+6 +8 3 3 0 1
+7 * 3
+3 * 3 3
+4 * 3
+3 * 3
+2 -1 3
+4 * 3
+4 +1 3 3
+7 * 3
jcnd=1/3 +46 +43 
* * 
+2 +29 3 3
+7 -20 3 3
+7 -6 3
+4 +6 3 3
+4 * 3
+6 +20 3 3
+4 * 3
+3 * 3
+3 * 3
jcnd=20/3 0xa2a00 3181 
* * 
0xa27e8 4702 3 3
+5 * 3 3
+9 * 3
+6 * 3
+4 * 3 3 0 1
+1 * 3 3
+1 * 3 3
+2 * 3 3
+2 * 3 3
+2 * 3 3
+2 * 3 3
0xa2a00 3181 3 3
+7 +4 3
+3 -4 3 0 3
+4 +2 3
+3 * 3
+4 * 3 3
+8 * 3 0 3
+4 +1 3 0 3
+8 +1 3 0 3
+4 4482 3
jump=20 0xa27e8 4702 
* * 

fn=(56)
0xa39b0 1343 32
+3 * 32
+6 3771 32 0 32
+2 1362 32
+4 3771 32 0 32
+2 * 32 0 32
+2 * 32 0 32
+2 * 32 0 32
+1 * 32
+3 * 32 0 32
+1 * 32
+3 * 32
+7 1362 32
+4 * 32
jcnd=65/32 0xa3af8 * 
* * 
+6 3811 2
+3 * 2
+6 +27 2 2
+8 * 2
jcnd=3/2 0xa3be0 3965 
* * 
+23 +66 32
+3 +2 32 32
+4 -2 32
+4 +2 32
+3 * 32
jcnd=64/32 0xa3de8 4399 
* * 
0xa3af8 1362 30
+4 * 30
+3 3811 30
+3 * 30
+6 4397 30
+3 * 30
+4 3838 30 30
+7 * 30
jcnd=48/30 0xa3d60 +15 
* * 
0xa3be0 3965 2
+2 3838 2
+5 * 2
+6 1362 2
+6 3843 2
+4 * 2 2
+4 +2 2
+3 * 2
jcnd=3/2 0xa3d7d * 
* * 
0xa3d60 +8 30
+4 * 30
+4 * 30
+8 -10 30 30
+4 +2 30
+3 * 30
jcnd=1/30 0xa3c04 +2 
* * 
+6 * 32
+5 * 32
+4 * 32
jump=50 0xa3a06 +59 
* * 
+98 4399 32
+3 * 32
+3 3903 32 0 32
+5 4399 32
+4 * 32
+4 * 32 0 32
+11 * 32 0 32
+5 * 32
+3 * 32 0 32
+5 * 32
+3 * 32 0 32
+7 * 32 0 32
+4 * 32 0 32
+8 * 32 0 32
+8 * 32 0 32
+9 * 32 0 32
+9 3983 32
+4 +1 32 32
+7 -1 32
+4 * 32
+3 -1 32
+2 * 32 0 32
+5 +2 32 32
+6 * 32
jcnd=1/32 +18 +10 
* * 
+2 -2 32 32
+7 * 32
+4 * 32 0 32
+5 +12 32
+4 -6 32 0 32
+8 +73 32 0 32
+5 * 32
+5 * 32 0 32
+5 * 32
+4 -67 32 32
+4 * 32
+3 * 32
jcnd=30/32 0xa4228 4183 
* * 
+6 4158 32 32
+7 -91 32 32
+7 +91 32
+3 * 32 0 32
+5 -91 32 32
+5 -74 32
+2 3181 32
+3 4067 32 0 32
+5 3181 32 32
+7 * 32 0 32
+5 4025 32
+4 * 32 0 32
+5 3183 32
+4 * 32 0 32
+5 3997 32 32
+4 * 32
+5 * 32
+4 * 32
+4 +1 32
+4 +2 32
+4 * 32
+6 +1 32 32
+7 * 32
+3 * 32
+6 +2 32 32
+4 +1 32
+4 * 32
+6 * 32
+3 * 32
+6 +2 32 32
+3 * 32
+4 * 32
+3 * 32
+6 -10 32 32
+4 +12 32 32
+4 * 32
+6 +1 32 32
+4 * 32
+6 +2 32
+3 * 32
+6 +11 32
+7 * 32
jcnd=1/32 +11 +31 
* * 
+2 * 32
+3 * 32
jcnd=35/32 0xa4380 +1 
* * 
0xa4076 4413 32
+7 * 32
+3 * 32 32
+1 * 32 32
+1 * 32 32
+2 * 32 32
+2 * 32 32
+2 * 32 32
+2 * 32 32
0xa4380 4023 32 32
+4 * 32
jcnd=2/32 0xa3f6c +30 
* * 
+6 +1 32 32
+5 * 32
+6 +5 32
+4 -1 32
+3 * 32 32
+5 +3 32
+5 -1 32 0 32
+4 +1 32
+4 * 32 0 32
+4 +1 32 0 32 0 0 5 0 0 5
+4 +1 32
+6 * 32
+2 +2 32
+4 * 32 0 32 0 0 13 0 0 13
+4 +4 32
+7 +6 32
+4 -6 32
+3 * 32
+3 * 32
+3 * 32
+4 * 32
+3 * 32
+4 * 32 0 32
+4 +2 32
+3 * 32
+4 * 32 0 32 0 0 1 0 0 1
+4 +1 32 0 32
+3 2005 32 32
+6 * 32
+2 * 32
jcnd=33/32 0xa4076 4413 
* * 

fn=(138)
0xa53e0 3352 3 0 0 1
+4 +4 3
+3 * 3
+6 -4 3 0 3
+1 +14 3
+4 -14 3 0 3
+1 * 3
+4 +12 3 3
+7 +4 3 3
+4 -4 3 3
+3 +4 3
+2 * 3
+2 +17 3 3
+7 * 3 3
+5 * 3
fi=(14)
+6 162 3
+7 * 3
+2 * 3
jfi=(13)
jcnd=27/3 +40 3391 
* * 
fe=(13)
+40 3391 3
+2 * 3 0 3
cfn=(142)
calls=27 0xa26a0 4421 
* * 192 60 33 3
+5 +3 3 0 3
+3 +1 3
+4 * 3 3
+1 * 3 3
+1 * 3 3

fl=(49)
fn=(264)
0x8f9b0 36 1
+4 * 1 0 1
+2 * 1
+5 * 1
+3 * 1 0 1
+2 * 1
+4 * 1
+3 * 1 0 1
+2 * 1
+3 * 1 0 1
+1 * 1 0 1
+1 * 1
+3 * 1
+4 * 1 0 1
+4 +4 1
+3 * 1
jcnd=3/1 0x8fa50 +2 
* * 
+15 +6 1
+2 * 1
+3 * 1
+3 * 1
+3 * 1 0 1
cfi=(9)
cfn=(68) _IO_setb
calls=3 0x8dc20 329 
* * 24 5 4
+5 +5 1
+3 * 1
jcnd=3/1 0x8fa70 * 
* * 
+2 * 1
+3 -1 1
+5 * 1
+5 * 1 1
+5 * 1
+5 +14 1 0 1
+11 -14 1
+4 * 1 0 1
+5 * 1
+5 * 1
+4 * 1 0 1
+5 * 1 0 1
+5 +15 1
+4 * 1 1
+1 * 1 1
+1 * 1 1
+2 * 1 1
+2 * 1 1
+2 * 1 1
+6 -23 1
+3 +1 1
+7 * 1
+3 * 1
+4 * 1
+3 * 1
jump=3 0x8f9eb +3 
* * 

fl=(9)
fn=(152) _IO_old_init
0x8e5e0 531 1
+4 +3 1 1
+6 -2 1
+6 +2 1
+2 +5 1
+4 -7 1 0 1
+2 +2 1
+2 +10 1 0 1
+8 -10 1
+3 +16 1
+2 -11 1 0 1
+4 -5 1
+3 +16 1 0 1
+7 -16 1 0 1
+3 +21 1 1
+7 -16 1 0 1
+4 * 1 0 1
+4 * 1 0 1
+4 * 1 0 1
+4 * 1 0 1
+4 +16 1
+3 * 1
jcnd=6/1 +17 +3 
* * 
+17 +3 1 1

fn=(68)
0x8dc20 329 1
+4 * 1 0 1
+1 * 1
+5 * 1
+5 * 1
+2 * 1 0 1
+1 * 1
+3 * 1
+4 * 1
+4 +1 1 1
+4 * 1 1
+2 * 1
+3 * 1
jcnd=9/1 +6 +5 
* * 
+6 +5 1
+2 * 1
+3 -3 1 0 1
+4 +3 1
+3 * 1
+2 * 1
+3 * 1 0 1
+2 +3 1
+4 * 1 1
+1 * 1 1
+1 * 1 1

fn=(72)
0x8ddc0 371 7
+4 +3 7
+3 * 7
jcnd=6/7 0x8dfa0 +19 
* * 
+6 -3 5 0 5
+2 * 5
+3 * 5
+3 * 5 0 5
+2 * 5
+3 * 5 0 5
+2 * 5
+3 * 5 0 5
fi=(20) ./libio/./libio/libioP.h
+2 940 5
fe=(9)
+7 371 5 0 5
fi=(20)
+1 940 5
fe=(9)
+7 371 5 0 5
fi=(20)
+1 940 5
fe=(9)
+3 371 5
+4 * 5
jump=11 +72 +8 
* * 
+8 +18 5
+3 * 5
jcnd=10/5 0x8dec8 +4 
* * 
+6 +8 5
+3 +2 5
+3 * 5
jcnd=10/5 0x8deb3 +5 
* * 
+49 -20 5 5
+4 * 5 5
+4 * 5
+3 * 5
jcnd=1/5 -63 +20 
* * 
+2 +2 5
+3 * 5
+3 * 5
+4 +3 5
+4 * 5
jcnd=10/5 -91 +5 
* * 
+88 +20 5
+4 -29 5
+3 +29 5 5
+1 * 5 5
+1 * 5 5
+2 * 5 5
+2 * 5 5
+2 * 5 5
+2 * 5 5
+4 -11 5
+4 * 5
+3 * 5
+4 * 5
+3 * 5
+4 * 5
+6 * 5
+4 * 5
jcnd=9/5 0x8dfa8 * 
* * 
+6 * 1
+4 * 1
jcnd=1/1 0x8df7a +1 
* * 
+31 +1 1 1 0 1 0 0 1
+4 * 1 0 1
+3 -1 1
+3 * 1
+2 +1 1 1
+5 * 1 0 1
+4 -1 1
+4 * 1
jcnd=1/1 +69 +1 
* * 
+69 +1 5
+3 * 5
+3 * 5 0 5
+4 * 5
jump=10 0x8de09 +3 
* * 
+5 * 1 1
+3 * 1
+4 * 1
+4 * 1 0 1
+3 -1 1
+4 * 1
+4 * 1
jcnd=1/1 0x8df0d +1 
* * 
+16 * 2
+2 +11 2 2
+6 -11 4
+2 * 4
+6 +1 4 4
+4 * 4 0 4
+3 -1 4
+4 * 4
+3 * 4
jcnd=6/4 -14 +1 
* * 
-14 +1 6 6
+4 * 6 0 6
+3 -1 6
+4 * 6
+3 * 6
jcnd=6/6 -14 +1 
* * 
+2 * 4
jump=9 -85 +1 
* * 

fn=(150)
0x8e650 563 1
+4 * 1 0 1
+2 * 1
+3 * 1 0 1
+2 * 1
+3 * 1 0 1
+1 * 1
+3 * 1 0 1
+1 * 1
+3 * 1
+4 +1 1 0 1
cfn=(152)
calls=7 0x8e5e0 -33 
* * 23 3 10
+5 +1 1 0 1
+7 +1 1
+3 * 1
jcnd=6/1 +71 +20 
* * 
+47 +21 1 0 1
+11 +1 1
+4 * 1 1
+1 * 1 1
+1 * 1 1
+2 * 1 1
+2 * 1 1
+3 -2 1 0 1
+11 * 1
jump=6 -35 +1 
* * 

fl=(59)
fn=(320)
0x60880 25 1 0 0 1 0 0 1
+4 * 1
+7 * 1
+3 * 1 0 1
+5 * 1 0 1
+5 * 1 0 1
+5 * 1 0 1
+5 * 1
+2 * 1
jcnd=1/1 +57 * 
* * 
+57 * 1 1 0 1 0 0 1
+9 * 1 0 1
+5 * 1
+2 +4 1
+8 +1 1
+3 * 1
+3 -1 1 0 1
+5 +1 1 0 0 1 0 0 1
+3 -1 1
+5 +1 1
+7 -1 1 0 1
+7 * 1 0 1
+8 * 1 0 1
+5 +1 1 0 1
cfi=(60)
cfn=(322)
calls=1 0x818e0 +42 
* * 1220 208 171 23 1 0 19 1
+5 +4 1 1
+5 * 1 1
+9 * 1
+2 * 1
+7 * 1 1

fl=(42)
fn=(212)
0xa8570 40 2 0 0 1
+4 * 2 0 2
+2 * 2 0 2
+1 * 2
+3 * 2
+4 +1 2 0 2 1
cob=(4)
cfi=(3)
cfn=(16)
calls=4 0x487c490 -41 
* * 32 6
+5 * 2
+4 +1 2
+3 * 2 0 2
cob=(4)
cfi=(3)
cfn=(38)
calls=4 0x487c380 -42 
* * 410 82 74 0 0 1 0 0 1
+5 +2 2
+3 * 2
+2 +4 2
+4 -1 2
+3 * 2
+3 * 2
+3 +1 2 2
+1 * 2 2
+2 -1 2
cob=(4)
cfi=(3)
cfn=(214)
calls=4 0x487c620 -47 
* * 28 8 4 2 0 0 1

fl=(50)
fn=(266)
0x5a230 163 1
+4 * 1
+3 +3 1
+2 * 1
+7 * 1
+7 * 1
+4 +2 1
+3 * 1
jcnd=3/1 0x5a2c0 +9 
* * 
0x5a2c0 +9 1
+10 * 1
+6 * 1
+3 * 1
+3 * 1
+4 * 1
+3 * 1
+4 * 1
+4 * 1
+3 * 1
+3 * 1 1
+4 * 1 0 1
+3 * 1
+3 * 1
+3 * 1
+4 * 1
jcnd=2/1 -44 * 
* * 
+2 +9 1
+3 * 1 1

fl=(22)
fn=(88)
0x1a09c0 307 2
+4 +1 2
+3 +6 2
+4 +1 2
jcnd=4/2 +37 +42 
* * 
+37 +42 2
+3 +1 2
jcnd=1/2 +47 +36 
* * 
+2 +2 1
+3 +1 1
jcnd=3/1 +72 +55 
* * 
+42 +33 1 1 0 1 0 0 1
+4 +1 1 1
+6 +1 1 0 1
+4 +1 1 0 1
+6 +2 1 1
+10 +17 1 1
+5 +1 1 1
+3 +1 1 0 1
+3 +1 1 0 1
+5 +1 1 1

fl=(34)
fn=(252)
0x19d600 51 4
+4 +2 4
+4 +1 4
+2 +1 4
+5 +1 4
+5 +1 4
+5 +3 4
+5 +1 4
+6 +4 4 4 0 0 1 0 0 1
+4 +1 4
+5 +1 4
+5 +1 4
+4 +1 4
+4 +1 4
+2 +1 4
+2 +1 4
+4 +6 4
+3 +1 4
+3 * 4 4

fl=(6)
fn=(18)
0x19d9e0 50 8
+4 +13 8
+2 +1 8
+3 +1 8
+4 +3 8
+5 +2 8
+5 +1 8
+6 +3 8 8 0 0 1 0 0 1
+4 +1 8
+4 +8 8
+2 +1 8
jcnd=2/8 +89 219 
* * 
+2 +1 8
+4 +5 8
+3 * 8 8

fl=(32)
fn=(166)
0x1146d0 30 3 0 0 1
+4 * 3 0 3
+2 +3 3
+3 -3 3
+3 * 3 0 3
+1 * 3
+3 * 3
+4 * 3 0 3
+5 * 3 3
+9 * 3 0 3
+5 * 3
+2 +3 3
+4 * 3
+2 * 3 0 0 1
+2 * 3
+5 * 3
+5 * 3
+2 +8 3 3
+8 * 3
+2 * 3
+2 * 3
+3 * 3
+3 * 3
+5 * 3
+5 * 3
+2 * 3
+6 * 3
jcnd=1/3 0x1147c8 * 
* * 
+6 +2 3 3
+5 * 3 3 0 1
+9 * 3
+6 * 3
+4 * 3 3
+1 * 3 3
+2 * 3 3
0x1147c8 -2 1 1 0 1 0 0 1
+7 * 1
+2 * 1 0 1
+3 * 1
+5 * 1
jump=1 0x114737 +2 
* * 

ob=(1) /home/magnus/Documents/GitHub/INF-2700/mly004/assignments-2-3/db2700/run_front
fl=(1) /home/magnus/Documents/GitHub/INF-2700/mly004/assignments-2-3/db2700/src/front.c
fn=(0) main
cfi=(2) /home/magnus/Documents/GitHub/INF-2700/mly004/assignments-2-3/db2700/src/interpreter.c
cfn=(2) interpret
calls=1 0x9cb6 646 
0xa294 8 203906 80236 42183 210 3 20 173 3 20

fl=(2)
fn=(2)
cfn=(278) select_rows
calls=1 0x97a9 577 
0x9ec4 676 203906 80236 42183 210 3 20 173 3 20

fn=(278)
0x98bf 590 1 0 0 1 0 0 1
+3 * 1 0 1
+7 * 1
+7 +1 1 0 1
+11 * 1 0 1
+11 * 1 0 1
+11 * 1 0 1
+11 * 1 0 1 1 0 0 1
+8 * 1 0 1
+8 * 1
+7 * 1
+5 * 1
+2 * 1
+19 * 1
+3 * 1 0 1
+7 * 1
+7 +1 1 1 0 1 0 0 1
+7 * 1 1
+4 * 1
+2 * 1
+6 * 1 1
+7 * 1 1
+4 * 1
+2 * 1
+6 +1 1 1
+7 * 1 1
+3 +2 1 1
+7 * 1
+4 -1 1 1
+7 * 1 0 0 1 0 0 1
+4 -1 1 1
+8 * 1
+2 * 1 1
+7 * 1 1
+3 * 1
jump=1 +9 * 
* * 
+9 * 1
+2 * 1
+3 * 1
+3 * 1 0 1
cfi=(29) /home/magnus/Documents/GitHub/INF-2700/mly004/assignments-2-3/db2700/src/schema.c
cfn=(314) table_search
calls=1 0x73e2 788 
* * 203856 80225 42167 204 3 20 167 3 20

fl=(29)
fn=(410) get_page_record
0x6afb 576 1
+4 * 1 0 1
+1 * 1 0 0 1 0 0 1
+3 * 1
+4 * 1 0 1
+4 * 1 0 1
+4 * 1 0 1
+4 +1 1 1
+5 * 1
jcnd=1/1 +12 +1 
* * 
+12 +1 1 1
+4 * 1 1
+4 * 1
+3 * 1
+3 * 1 0 1
cfn=(412) page_valid_pos_for_get_with_schema
calls=1 0x6964 -30 
* * 70 23 13 2 0 0 2
+5 * 1
+2 * 1
jcnd=1/1 +37 +5 
* * 
+37 +5 1 0 1 1 0 0 1
+8 +1 1 1
+4 * 1 1
+4 * 1 0 1
+4 * 1
jump=1 0x6bf1 * 
* * 
+2 +2 1 1
+4 * 1
+3 * 1 0 1
cfn=(414) is_int_field
calls=1 0x55b8 144 
* * 14 5 2 2 0 0 2
+5 * 1 0 0 1 0 0 1
+2 * 1
+2 +1 1 1
+4 * 1
+3 * 1 0 1
cfi=(23) /home/magnus/Documents/GitHub/INF-2700/mly004/assignments-2-3/db2700/src/pager.c
cfn=(416) page_get_int
calls=1 0x4c7f 929 
* * 45 20 8 2 0 0 2
+5 * 1
+2 * 1 1
+4 * 1
+8 * 1 1
+4 * 1
+3 * 1 1
+3 * 1
+2 * 1
+3 * 1 0 1
cfn=(418) assign_int_field
calls=1 0x6430 467 
* * 11 4 4 2 0 0 2
+5 * 1
jump=1 +46 -2 
* * 
+46 -2 1 1
+4 * 1 1
+4 * 1 0 1
+4 * 1 0 1
+5 -1 1 1
+5 * 1
-5 * 1 1 0 1 0 0 1
+5 * 1
jcnd=1/1 0x6b74 +2 
* * 
+6 +6 1 0 0 1 0 0 1
+5 +1 1 1
+1 * 1 1

fn=(452) release_record
0x63a1 456 1
+4 * 1 0 1
+1 * 1
+3 * 1
+4 * 1 0 1
+4 * 1 0 1
+4 +1 1 1
+5 * 1
+2 * 1 1 0 1 0 0 1
+5 * 1
jcnd=1/1 +29 +4 
* * 
+29 +4 1 0 1
+8 * 1
jump=1 +37 * 
* * 
+2 +1 1 1
+4 * 1
+8 * 1 1
+4 * 1
+3 * 1 1
+3 * 1
+3 * 1 0 1
cob=(4)
cfi=(3)
cfn=(136)
calls=1 0x10a2d0 0 
* * 91 29 15
+5 -1 1 0 1
+5 * 1 1
+4 * 1 1
+3 * 1
+2 * 1 1
+4 * 1
-13 * 1 1
+4 * 1 1
+3 * 1
+2 * 1 1
+4 * 1
jcnd=1/1 -48 +1 
* * 
+2 +2 1 1
+4 * 1
+3 * 1 0 1
cob=(4)
cfi=(3)
cfn=(136)
calls=1 0x10a2d0 0 
* * 91 29 15
+5 +1 1 0 1
+8 +1 1 1
+1 * 1 1

fn=(218) add_field
0x61fa 418 1 0 0 1
+4 * 1 0 1
+1 * 1 0 0 1
+3 * 1
+4 * 1 0 1
+4 * 1 0 1
+4 +1 1 1
+5 * 1
jcnd=2/1 +12 +1 
* * 
+12 +1 1 1
+4 * 1 1
+3 * 1 1
+4 * 1 1
+3 * 1
+2 * 1
+5 * 1
jcnd=2/1 +58 +6 
* * 
+58 +6 1 1 0 1
+4 * 1 1
+3 * 1
+2 * 1
+2 +1 1 1
+4 * 1 1
+4 * 1 0 1
+4 +1 1 1
+4 * 1 0 1
+7 * 1
jump=2 +32 +6 
* * 
+32 +6 1 1
+4 * 1 1
+4 * 1 0 1
+4 +1 1 1
+4 * 1 1
+3 * 1
+3 * 1 1
+4 * 1 0 1
+3 +1 1 1
+4 * 1 1
+3 * 1 1
+4 * 1 1
+3 * 1
+2 * 1 1
+4 * 1 0 1
+3 +1 1 1
+4 * 1 1
+3 +1 1 1
+1 * 1 1

fn=(438) page_valid_pos_for_put_with_schema
0x69c7 554 1
+4 * 1 0 1
+1 * 1
+3 * 1 0 1
+1 * 1
+4 * 1 0 1
+4 * 1 0 1
+4 +1 1 1
+4 * 1 1
+3 * 1 1
+4 * 1
+3 * 1 0 1
cfi=(23)
cfn=(400) page_current_pos
calls=1 0x4ada 883 
* * 11 5 2
+5 * 1
+2 * 1 1
+4 * 1
+2 * 1
+2 * 1
+3 * 1 0 1
cfi=(23)
cfn=(440) page_valid_pos_for_put
calls=1 0x4bd4 909 
* * 24 8 4 1 0 0 1
+5 +1 1
+2 * 1
+2 * 1 1
+4 * 1
+3 * 1 0 1
cfi=(23)
cfn=(400)
calls=1 0x4ada 883 
* * 11 5 2
+5 * 1
+3 * 1 1
+4 * 1 1
+3 * 1
+2 * 1
+1 * 1
+2 * 1
+2 * 1
+2 * 1
+2 * 1
+5 * 1
jump=1 +7 +1 
* * 
+7 +1 1 1
+4 * 1 1
+1 * 1 1

fn=(332) set_tbl_position
0x68d2 530 1 0 0 1 0 0 1
+4 * 1 0 1
+1 * 1
+3 * 1
+4 * 1 0 1
+4 * 1 0 1
+3 +1 1 1
+4 * 1
jcnd=1/1 +10 +3 
* * 
+10 +3 1 1
+4 * 1 1
+3 * 1 1
+3 * 1 0 0 1 0 0 1
+5 * 1
+3 * 1 0 1
cfi=(23)
cfn=(334) get_page
calls=1 0x4476 740 
* * 2042 599 386 70 0 3 57 0 3
+5 * 1 1
+4 * 1 0 1
+4 +1 1 1
+4 * 1 1
+4 * 1
+3 * 1 0 1
cfi=(23)
cfn=(388) page_set_pos_begin
calls=1 0x46e4 797 
* * 11 4 3 1 0 0 1
+5 +2 1
+1 +4 1
jump=1 +28 * 
* * 
+28 * 1
+1 * 1 1 0 1 0 0 1
+1 * 1 1

fn=(324) get_schema
0x5d85 330 1
+4 * 1 0 1
+1 * 1
+3 * 1
+4 * 1 0 1
+4 +1 1 1
+4 * 1
+3 * 1 0 1
cfn=(302) get_table
calls=1 0x5d2b -8 
* * 50 17 5
+5 * 1 0 1
+4 +1 1 1
+5 * 1
jcnd=1/1 +11 +1 
* * 
+11 +1 1
+5 +1 1 1
+1 * 1 1

fn=(330) new_record
0x62ed 440 1
+4 * 1 0 1
+1 * 1
+3 * 1 0 1
+1 * 1
+4 * 1 0 1
+4 +1 1 1 0 1 0 0 1
+5 * 1
jcnd=1/1 +37 +4 
* * 
+37 +4 1 1
+4 * 1 1
+3 * 1
+2 * 1
+4 * 1
+3 * 1 0 1
cob=(4)
cfi=(3)
cfn=(114)
calls=1 0x10a470 0 
* * 199 41 37 0 0 1 0 0 1
+5 * 1 0 1 1 0 0 1
+4 +4 1 0 1
+8 +1 1 1
+4 * 1 1
+4 * 1 0 1
+4 * 1
jump=1 +59 * 
* * 
+2 +1 1 1
+4 * 1 1
+3 * 1
+2 * 1 1
+4 * 1
+8 * 1 1
+4 * 1
+4 * 1
+3 * 1 0 1
cob=(4)
cfi=(3)
cfn=(114)
calls=1 0x10a470 0 
* * 199 41 37
+5 * 1 0 1
+3 -1 1 1
+4 * 1 1
+4 * 1 0 1
+4 * 1 0 1
+5 * 1 1
+5 * 1
-5 * 1 1 0 1 0 0 1
+5 * 1
jcnd=1/1 -62 +1 
* * 
+2 +3 1 1
+4 +1 1 1
+4 * 1 1
+1 * 1 1

fn=(406) int_equal
0x6c4e 634 1000 0 0 1 0 0 1
+4 * 1000 0 1000
+1 * 1000
+3 * 1000 0 1000
+3 * 1000 0 1000
+3 +1 1000 1000
+3 * 1000 1000
+3 * 1000
+3 * 1000
+3 +1 1000 1000
+1 * 1000 1000

fn=(424) append_record
0x6f91 716 1 0 0 1 0 0 1
+4 * 1 0 1
+1 * 1
+3 * 1
+4 * 1 0 1
+4 * 1 0 1
+4 +1 1 1
+4 * 1 1
+4 * 1 0 1
+4 +1 1 1
+4 * 1 1
+3 * 1
+3 * 1 0 1
cfi=(23)
cfn=(426) get_page_for_append
calls=1 0x463b +66 
* * 2078 598 376 10 0 4 7 0 4
+5 * 1 0 1 1 0 0 1
+4 +1 1 1
+5 * 1
jcnd=1/1 +47 +5 
* * 
+47 +5 1 1
+4 * 1 1
+4 * 1 1 0 1 0 0 1
+4 * 1
+3 * 1
+3 * 1 0 1
cfn=(436) put_page_record
calls=1 0x6de1 -40 
* * 263 95 55 5 0 0 5
+5 * 1
+2 * 1
jcnd=1/1 0x70d1 +15 
* * 
0x70d1 +15 1 1 0 1 0 0 1
+4 * 1 1
+4 * 1 0 1
+4 +1 1 1
+4 * 1 1
+3 * 1
+3 * 1 1
+4 * 1 0 1
+3 +1 1
+1 * 1 1
+1 * 1 1

fn=(326) copy_schema
0x5f67 372 1 0 0 1 0 0 1
+4 * 1 0 1
+1 * 1
+3 * 1
+4 * 1 0 1
+4 * 1 0 1
+4 +1 1 1
+5 * 1 0 0 1 0 0 1
jcnd=1/1 +9 +1 
* * 
+9 +1 1 1
+4 * 1
+3 * 1 0 1
cfn=(206) new_schema
calls=1 0x5cb1 -62 
* * 719 156 138 7 0 2 1 0 2
+5 * 1 0 1
+4 +1 1 1
+4 * 1 1
+4 * 1 0 1
+4 * 1
jump=1 +44 * 
* * 
+2 +1 1 1
+4 * 1
+3 * 1 0 1
cfn=(328) dup_field
calls=1 0x5ef7 -14 
* * 491 106 90 2 0 1 2 0 1
+5 * 1
+3 * 1 1
+4 * 1
+3 * 1
+3 * 1 0 1
cfn=(218)
calls=1 0x61fa +42 
* * 44 24 8 3
+5 -1 1 1
+4 * 1 1
+4 * 1 0 1
+4 * 1 1
+5 * 1
-5 * 1 1 0 1 0 0 1
+5 * 1
jcnd=1/1 -47 +1 
* * 
+2 +2 1 1
+4 +1 1 1
+1 * 1 1

fn=(412)
0x6964 548 1
+4 * 1 0 1
+1 * 1
+3 * 1
+4 * 1 0 1
+4 * 1 0 1
+4 +1 1 1
+4 * 1
+3 * 1 0 1 1 0 0 1
cfi=(23)
cfn=(400)
calls=1 0x4ada 883 
* * 11 5 2
+5 * 1
+2 * 1 1
+4 * 1
+2 * 1
+3 * 1 0 1
cfi=(23)
cfn=(404) page_valid_pos_for_get
calls=1 0x4b67 900 
* * 16 6 3
+5 +1 1
+2 * 1
+2 * 1 1
+4 * 1
+3 * 1 0 1
cfi=(23)
cfn=(400)
calls=1 0x4ada 883 
* * 11 5 2
+5 * 1
+3 * 1 1
+4 * 1 1
+3 * 1
+2 * 1
+1 * 1
+2 * 1
+2 * 1
+2 * 1
+2 * 1
+5 * 1
jump=1 +7 +1 
* * 
+7 +1 1 1 0 1 0 0 1
+1 * 1 1

fn=(436)
0x6de1 684 1
+4 * 1 0 1
+1 * 1
+3 * 1
+4 * 1 0 1
+4 * 1 0 1
+4 * 1 0 1
+4 +1 1 1
+4 * 1 1 0 1 0 0 1
+4 * 1
+3 * 1
+3 * 1 0 1
cfn=(438)
calls=1 0x69c7 554 
* * 83 28 15 1 0 0 1
+5 * 1
+2 * 1
jcnd=1/1 +12 +4 
* * 
+12 +4 1 0 1
+8 +1 1 1
+4 * 1 1
+4 * 1 0 1
+4 * 1
jump=1 0x6ea5 * 
* * 
+2 +2 1 1
+4 * 1
+3 * 1 0 1
cfn=(414)
calls=1 0x55b8 144 
* * 14 5 2
+5 * 1
+2 * 1
+2 +1 1 1 0 1 0 0 1
+4 * 1
+8 * 1 1
+4 * 1
+3 * 1 1
+3 * 1 1
+2 * 1 1
+4 * 1
+2 * 1
+3 * 1 0 1
cfi=(23)
cfn=(442) page_put_int
calls=1 0x4cf9 939 
* * 120 46 27 1 0 0 1
+5 * 1
jump=1 +46 -2 
* * 
+46 -2 1 1
+4 * 1 1
+4 * 1 0 1
+4 * 1 0 1
+5 -1 1 1
+5 * 1
-5 * 1 1 0 1 0 0 1
+5 * 1
jcnd=1/1 0x6e30 +2 
* * 
+2 +6 1
+5 +1 1 1
+1 * 1 1

fn=(314)
0x73e2 788 1 0 0 1 0 0 1
+4 * 1 0 1
+1 * 1
+3 * 1
+4 * 1 0 1
+4 * 1 0 1
+4 * 1 0 1
+4 * 1 0 1
+3 +1 1 1 0 1 0 0 1
+5 * 1
jcnd=1/1 +12 +2 
* * 
+12 +2 1 0 1
+8 +2 1 1
+4 * 1
+7 * 1
+3 * 1
+3 * 1 0 1
cob=(4)
cfi=(3)
cfn=(274)
calls=1 0x10a420 0 
* * 23 6 0 0 1 0 0 1
+5 * 1
+2 * 1
+2 +1 1
+7 * 1 0 1
+4 +2 1 1
+4 * 1 0 0 1 0 0 1
+7 * 1
+3 * 1
+3 * 1 0 1
cob=(4)
cfi=(3)
cfn=(274)
calls=1 0x10a420 0 
* * 23 6
+5 * 1
+2 * 1
jcnd=1/1 +13 +3 
* * 
+13 +3 1 1
+4 * 1
+7 * 1
+3 * 1
+3 * 1 0 1
cob=(4)
cfi=(3)
cfn=(274)
calls=1 0x10a420 0 
* * 23 6
+5 * 1
+2 * 1
jcnd=1/1 +13 +3 
* * 
+13 +3 1 1 0 1 0 0 1
+4 * 1
+7 * 1
+3 * 1
+3 * 1 0 1
cob=(4)
cfi=(3)
cfn=(274)
calls=1 0x10a420 0 
* * 23 6
+5 * 1
+2 * 1
jcnd=1/1 +13 +3 
* * 
+13 +3 1 1
+4 * 1
+7 * 1
+3 * 1
+3 * 1 0 1
cob=(4)
cfi=(3)
cfn=(274)
calls=1 0x10a420 0 
* * 23 6
+5 * 1 0 0 1 0 0 1
+2 * 1
jcnd=1/1 +13 +3 
* * 
+13 +3 1 1
+4 * 1
+7 * 1
+3 * 1
+3 * 1 0 1
cob=(4)
cfi=(3)
cfn=(274)
calls=1 0x10a420 0 
* * 23 6
+5 * 1
+2 * 1
jcnd=1/1 +13 +3 
* * 
+13 +3 1 1
+5 * 1
jcnd=1/1 +44 +5 
* * 
+44 +5 1 1 0 1 0 0 1
+4 * 1 1
+3 * 1 0 1
+4 +2 1 0 1
+8 +1 1 1
+4 * 1 1
+4 * 1 0 1 1 0 0 1
+4 * 1
jump=1 +98 * 
* * 
+2 +1 1 1
+4 * 1 1
+3 * 1 1
+4 * 1
+3 * 1
+3 * 1 0 1
cob=(4)
cfi=(3)
cfn=(274)
calls=1 0x10a420 0 
* * 23 6
+5 * 1
+2 * 1
+2 +1 1 1
+4 * 1 1
+3 * 1
+2 * 1
jcnd=1/1 +70 +4 
* * 
+61 -2 1 1 0 1 0 0 1
+5 * 1
jcnd=1/1 0x7546 +1 
* * 
+4 +6 1
+1 +2 1 1
+5 * 1
jcnd=1/1 +12 +2 
* * 
+12 +2 1 1 0 1 0 0 1
+4 * 1 1
+3 * 1
+3 * 1
+7 * 1
+3 * 1 0 1
cfn=(316) tmp_schema_name
calls=1 0x603a 386 
* * 1591 292 239 31 2 1 26 2 1
+5 * 1 0 1
+4 +1 1 1
+4 * 1 1
+4 * 1
+3 * 1
+3 * 1 0 1
cfn=(326)
calls=1 0x5f67 372 
* * 1288 299 245 15 0 3 6 0 3
+5 * 1 0 1
+4 +1 1 1
+4 * 1
+3 * 1 0 1 1 0 0 1
cob=(4)
cfi=(3)
cfn=(136)
calls=1 0x10a2d0 0 
* * 91 29 15 5
+5 +2 1 1
+4 * 1
+3 * 1 0 1
cfn=(330)
calls=1 0x62ed 440 
* * 440 99 85 3 0 1 3 0 1
+5 * 1 0 1
+4 +2 1 1
+4 * 1
+5 * 1
+3 * 1 0 1
cfn=(332)
calls=1 0x68d2 530 
* * 2078 612 395 74 0 3 61 0 3
+5 +1 1
jump=1 +42 * 
* * 
+2 +1 1 1
+4 * 1 1
+4 * 1
+3 * 1
+5 * 1 0 1
cfn=(420) put_record_info
calls=1 0x5302 91 
* * 143 44 38 10 0 0 9
+5 +1 1 1
+4 * 1 1
+4 * 1
+3 * 1
+3 * 1 0 1
cfn=(424)
calls=1 0x6f91 716 
* * 2376 708 440 19 0 4 16 0 4
+5 -2 2 2 0 1 0 0 1
+4 * 2 2
+3 * 2 2
+3 * 2 2
+4 * 2 2
+4 * 2 2
+4 * 2
+3 * 2
+3 * 2 0 2
cfn=(390) find_record_int_val
calls=2 0x6cf6 666 
* * 195322 77980 40642 34 0 8 33 0 8
+5 * 2
+2 * 2
jcnd=1/2 -75 +1 
* * 
+2 +5 1 1
+4 * 1 1
+4 * 1
+3 * 1
+3 * 1 0 1 1 0 0 1
cfn=(452)
calls=1 0x63a1 456 
* * 218 72 38 1 0 0 1
+5 +2 1 1
+4 * 1 1
+4 +1 1 1
+1 * 1 1

fn=(206)
0x5cb1 312 1
+4 * 1 0 1
+1 * 1
+3 * 1
+4 * 1 0 1
+4 +1 1
+5 * 1 0 1
cob=(4)
cfi=(3)
cfn=(114)
calls=2 0x10a470 0 
* * 205 41 37
+5 * 1 0 1
+4 +1 1 1
+4 * 1
+3 * 1 0 1
cfn=(208) make_schema
calls=2 0x5625 157 
* * 484 101 90 7 0 2 1 0 2
+5 * 1 1
+4 * 1 0 1
+3 +1 1 1
+4 * 1 1
+3 * 1 1
+4 * 1 0 1
+4 +1 1 1
+4 * 1 0 1
+7 +1 1 1
+4 * 1 0 1
+8 +1 1 1
+7 * 1 1
+4 * 1 0 1
+4 +1 1 1
+4 * 1 0 1
+7 +1 1 1
+4 * 1 1
+3 +1 1 1
+1 * 1 1

fn=(208)
0x5625 157 1 0 0 1
+4 * 1 0 1
+1 * 1
+3 * 1
+4 * 1 0 1
+4 +1 1
+5 * 1 0 1
cob=(4)
cfi=(3)
cfn=(114)
calls=2 0x10a470 0 
* * 205 41 37 0 0 1 0 0 1
+5 * 1 0 1 1
+4 +1 1 1
+4 * 1
+3 * 1 0 1
cob=(4)
cfi=(3)
cfn=(210)
calls=2 0x10a530 0 
* * 254 51 43 4 0 1 1 0 1
+5 * 1
+3 * 1 1
+4 * 1 0 1
+3 +1 1 1
+4 * 1 0 1
+8 +1 1 1
+4 * 1 0 1
+8 +1 1 1
+4 * 1 0 1
+7 +1 1 1
+4 * 1 0 1 1
+7 +1 1 1
+4 +1 1 1
+1 * 1 1

fn=(390)
0x6cf6 666 2 0 0 1 0 0 1
+4 * 2 0 2
+1 * 2
+3 * 2 0 0 1 0 0 1
+4 * 2 0 2
+4 * 2 0 2
+4 * 2 0 2
+3 * 2 0 2
+4 * 2 0 2
+4 +1 2 2
+4 * 2
+3 * 2 0 2
cfn=(392) get_page_for_next_record
calls=2 0x6a38 559 
* * 128 50 24 6 0 0 5
+5 * 2 0 2
+4 +1 2 2
+5 * 2
jcnd=2/2 0x6dcf +2 
* * 
+16 +3 1000 1000
+4 * 1000 0 0 1 0 0 1
+3 * 1000 0 1000
cfi=(23)
cfn=(400)
calls=1000 0x4ada 883 
* * 11000 5000 2000 2 0 0 2
+5 * 1000 0 1000
+3 +1 1000 1000
+3 * 1000 1000
+3 * 1000
+2 * 1000 1000
+4 * 1000
+2 * 1000
+3 * 1000 0 1000
cfi=(23)
cfn=(402) page_get_int_at
calls=1000 0x4d73 949 
* * 44000 18000 9000 6 0 0 6
+5 * 1000 0 1000
+3 +1 1000 1000
+3 * 1000 1000
+3 * 1000 1000
+4 * 1000
+2 * 1000
+2 * 1000 0 1000
cfn=(406)
calls=1000 0x6c4e -39 
* * 11000 4000 3000 1 0 0 1
+2 * 1000
+2 * 1000
jcnd=999/1000 +49 +6 
* * 
+2 +1 1 1
+3 * 1 1
+4 * 1
+2 * 1
+3 * 1 0 1
cfi=(23)
cfn=(408) page_set_current_pos
calls=1 0x4b1a 891 
* * 15 7 4
+5 +1 1 1
+4 * 1 1
+4 * 1 1
+4 * 1
+3 * 1
+3 * 1 0 1
cfn=(410)
calls=1 0x6afb -99 
* * 190 68 39 13 0 0 13
+5 +1 1
+5 * 1
jump=1 +60 +6 
* * 
+2 +3 999 999 0 1 0 0 1
+4 * 999 999
+3 * 999 999
+3 * 999
+2 * 999 999
+4 * 999
+2 * 999
+3 * 999 0 999
cfi=(23)
cfn=(408)
calls=999 0x4b1a 891 
* * 14985 6993 3996
+5 -9 999 999
+4 * 999
+3 * 999 0 999
cfn=(392)
calls=999 0x6a38 559 
* * 79966 30853 14564 1 0 8 1 0 8
+5 * 999 0 999
+4 * 999 999
+5 * 999
jcnd=998/999 0x6d3a +1 
* * 
-5 * 2 2 0 1 0 0 1
+5 * 2
jcnd=2/2 0x6d3a +1 
* * 
+6 +11 1
+5 +1 1 1
+1 * 1 1
-1 * 1 1
+1 * 1 1

fn=(418)
0x6430 467 1 0 0 1 0 0 1
+4 * 1 0 1
+1 * 1
+3 * 1 0 1
+4 * 1 0 1
+3 +1 1 1 0 1 0 0 1
+4 * 1 1
+3 * 1 0 1
+2 +1 1
+1 * 1 1
+1 * 1 1

fn=(302)
0x5d2b 323 1
+4 * 1 0 1
+1 * 1
+3 * 1
+4 * 1 0 1
+4 +1 1 1
+7 * 1 0 1
+4 * 1
jump=2 +49 * 
* * 
+2 +1 1 1
+4 * 1 1
+3 * 1 1
+3 * 1 1
+4 * 1
+3 * 1
+3 * 1 0 1
cob=(4)
cfi=(3)
cfn=(274)
calls=2 0x10a420 0 
* * 23 6
+5 * 1
+2 * 1
jcnd=1/1 +8 -1 
* * 
+8 -1 1 1
+4 * 1 1
+4 * 1 0 1
+4 * 1 1
+5 * 1
-5 * 1 1
+5 * 1
jcnd=2/1 -52 +1 
* * 
+2 +3 1
+5 +1 1 1
+1 * 1 1

fn=(328)
0x5ef7 362 1 0 0 1 0 0 1
+4 * 1 0 1
+1 * 1
+3 * 1 0 0 1 0 0 1
+4 * 1 0 1
+4 +1 1
+5 * 1 0 1
cob=(4)
cfi=(3)
cfn=(114)
calls=1 0x10a470 0 
* * 205 41 37 0 0 1 0 0 1
+5 * 1 0 1
+4 +1 1 1
+4 * 1 1
+3 * 1
+3 * 1 0 1
cob=(4)
cfi=(3)
cfn=(210)
calls=1 0x10a530 0 
* * 256 51 43
+5 * 1
+3 * 1 1
+4 * 1 0 1
+3 +1 1 1
+4 * 1 1
+3 * 1 1
+4 * 1 0 1
+3 +1 1 1
+4 * 1 1
+3 * 1 1
+4 * 1 0 1
+3 +1 1 1
+4 * 1 0 1
+7 +1 1 1
+4 * 1 0 1
+8 +1 1 1
+4 +1 1 1
+1 * 1 1

fn=(392)
0x6a38 559 1001 0 0 1 0 0 1
+4 * 1001 0 1001
+1 * 1001
+3 * 1001 0 0 1 0 0 1
+4 * 1001 0 1001
+4 +1 1001 1001
+4 * 1001 1001
+4 * 1001 1001
+4 * 1001 0 1001
+4 +1 1001 1001
+4 * 1001
+3 * 1001 0 1001
cfi=(23)
cfn=(394) peof
calls=1001 0x40f2 664 
* * 29318 11123 5053 1
+5 * 1001
+2 * 1001
jcnd=1000/1001 +12 +1 
* * 
+2 * 1
+5 * 1
jump=1 0x6af9 +13 
* * 
+5 +1 1000 1000
+4 * 1000
+3 * 1000 0 1000
cfi=(23)
cfn=(398) eop
calls=1000 0x4c5b 925 
* * 13000 6000 2000 1 0 0 1
+5 * 1000
+2 * 1000 0 0 1 0 0 1
jcnd=992/1000 0x6af5 +11 
* * 
+2 +1 8 8
+4 * 8
+3 * 8 0 8
cfi=(23)
cfn=(446) unpin
calls=8 0x47a1 817 
* * 930 482 199 1 0 0 1
+5 +1 8 8
+4 * 8
+3 * 8 0 8
cfi=(23)
cfn=(450) get_next_page
calls=8 0x4682 791 
* * 14612 5204 2268 0 0 8 0 0 8
+5 * 8 0 8
+4 +1 8 8
+5 * 8
jcnd=8/8 +54 +5 
* * 
+54 +5 8 8
+4 * 8
+3 * 8 0 8
cfi=(23)
cfn=(388)
calls=8 0x46e4 797 
* * 88 32 24
+5 +1 8 8
+4 * 8 8
+4 * 8 8
+4 * 8 0 8
+4 +2 8 8
+4 +1 8 8
+1 * 8 8
-5 -1 992 992 0 1 0 0 1
+4 +1 992 992
+1 * 992 992
-1 * 1 1
+1 * 1 1

fn=(420)
0x5302 91 1 0 0 1 0 0 1
+4 * 1 0 1
+1 * 1
+3 * 1
+4 * 1 0 1
+3 * 1 0 1
+4 * 1 0 1
+4 +2 1 0 1
+8 +1 1 1
+3 * 1
+7 * 1
+3 * 1
+2 * 1
+5 * 1 0 1
cfi=(27) /home/magnus/Documents/GitHub/INF-2700/mly004/assignments-2-3/db2700/src/pmsg.c
cfn=(108) put_msg
calls=1 0x2649 -81 
* * 24 7 8 1
+5 +1 1 1
+4 * 1 1 0 1 0 0 1
+4 * 1 0 1
+4 * 1
jump=1 0x53f4 * 
* * 
+5 +1 1 1
+4 * 1
+3 * 1 0 1
cfn=(414)
calls=1 0x55b8 +48 
* * 14 5 2
+5 * 1
+2 * 1
+2 +1 1 1
+4 * 1
+8 * 1 1
+4 * 1
+3 * 1 1
+3 * 1 1
+2 * 1 1
+3 * 1
+7 * 1
+3 * 1 0 0 1 0 0 1
+2 * 1
+5 * 1 0 1
cfi=(27)
cfn=(422) append_msg
calls=1 0x2823 -64 
* * 24 7 8 4 0 0 4
+5 * 1
jump=1 +49 +4 
* * 
+49 +4 1 1
+4 * 1 1
+4 * 1
+3 * 1
jcnd=1/1 +27 -6 
* * 
+27 -6 1 1
+4 * 1 1
+4 * 1 0 1
+4 * 1 0 1
+5 * 1 1
+5 * 1
-5 * 1 1 0 1 0 0 1
+5 * 1
jcnd=1/1 0x534b +1 
* * 
+6 +9 1 1 0 1 0 0 1
+3 * 1
+7 * 1
+3 * 1
+2 * 1
+5 * 1 0 1
cfi=(27)
cfn=(422)
calls=1 0x2823 -71 
* * 24 7 8
+5 +1 1
+1 * 1 1
+1 * 1 1

fn=(316)
0x603a 386 1 0 0 1 0 0 1
+4 * 1 0 1
+1 * 1 0 0 1 0 0 1
+3 * 1 0 1
+1 * 1
+4 * 1 0 1
+4 * 1 0 1
+4 +1 1 1
+4 * 1
+3 * 1 0 1
cob=(4)
cfi=(3)
cfn=(308)
calls=1 0x10a360 0 
* * 16 3 0 0 1 0 0 1
+5 * 1
+3 * 1 1
+4 * 1
+3 * 1 0 1
cob=(4)
cfi=(3)
cfn=(308)
calls=1 0x10a360 0 
* * 16 3
+5 * 1
+3 * 1
+4 * 1
+3 * 1 0 1
cob=(4)
cfi=(3)
cfn=(114)
calls=1 0x10a470 0 
* * 205 41 37 0 0 1 0 0 1
+5 * 1 0 1
+4 +1 1 0 1 1 0 0 1
+7 +2 1 1
+3 * 1
+3 * 1 0 1
+3 * 1 1
+4 * 1 1
+4 * 1 1
+4 * 1
+3 * 1
+7 * 1
+3 * 1
+5 * 1 0 1
cob=(4)
cfi=(3)
cfn=(318)
calls=1 0x10a500 0 
* * 1250 213 181 27 1 0 22 1
+5 +1 1 1
+4 * 1
+3 * 1 0 1
cfn=(324)
calls=1 0x5d85 -61 
* * 64 21 9
+5 * 1
+3 * 1 0 0 1 0 0 1
+2 +2 1 1
+4 +1 1 1
+4 * 1 1
+1 * 1 1

fn=(414)
0x55b8 144 3 0 0 1 0 0 1
+4 * 3 0 3
+1 * 3
+3 * 3 0 3 1 0 0 1
+4 +1 3 3
+5 * 3
+2 * 3 3
+4 * 3 3
+3 * 3
+2 * 3
+2 * 3
+5 * 3
jump=3 +7 +1 
* * 
+7 +1 3 3
+1 * 3 3

fl=(23)
fn=(366) pq_insert
0x3564 384 28
+4 * 28 0 28
+1 * 28
+3 * 28 0 28
+4 * 28 0 28
+4 +1 28 28
+4 * 28 28
+3 * 28
+3 * 28
jcnd=24/28 +51 +6 
* * 
+2 +1 4 4 0 1 0 0 1
+4 * 4 4
+4 * 4 0 4
+4 +1 4 4
+4 * 4 4
+4 * 4 0 4
+4 +1 4 4
+4 * 4 4
+4 * 4 0 4
+3 +1 4 4
+4 * 4 4
+4 * 4 0 4
+4 * 4
jump=4 +76 +8 
* * 
+2 +2 24 24
+4 * 24 24
+4 * 24 24
+4 * 24 0 24
+4 +1 24 24
+4 * 24 24
+3 * 24 24
+4 * 24 0 24
+4 +1 24 24
+4 * 24 24
+3 * 24 24
+4 * 24 0 24
+4 +1 24 24
+4 * 24 24
+4 * 24 24
+4 * 24 0 24
+4 +1 24 24
+4 * 24 24
+4 * 24 0 24
+4 +2 24 24
+4 * 24 24
+3 * 24
+3 * 24 24
+4 * 24 0 24
+3 +1 24
+1 +1 24 24
+1 * 24 24
-19 -2 4 4 0 1 0 0 1
+4 * 4 4 0 1 0 0 1
+3 * 4
+3 * 4 4
+4 * 4 0 4
+3 +1 4
+1 +1 4 4
+1 * 4 4

fn=(386) set_blk_in_fhandle
0x3f8d 635 10
+4 * 10 0 10
+1 * 10
+3 * 10
+4 * 10 0 10
+4 * 10 0 10
+4 +1 10 0 10
+8 * 10
jump=10 +54 * 
* * 
+2 +1 46 46
+4 * 46 46
+4 * 46
+4 * 46 46
+4 * 46
+3 * 46
jcnd=36/46 +28 -1 
* * 
+2 +1 10 10
+4 * 10 10
+4 * 10
+4 * 10 10
+4 * 10 0 10
+4 +1 10 10
+4 * 10
jump=10 +44 +5 
* * 
+2 -3 36 0 36
+5 * 36 36
+5 * 36
jcnd=36/36 -57 +1 
* * 
-5 * 10 10 0 1 0 0 1
+5 * 10
jcnd=10/10 -57 +1 
* * 
+32 +8 10 10 0 1 0 0 1
+1 * 10 10

fn=(400)
0x4ada 883 1004 0 0 1 0 0 1
+4 * 1004 0 1004
+1 * 1004
+3 * 1004
+4 * 1004 0 1004
+4 +1 1004 1004
+5 * 1004
jcnd=1004/1004 +34 +4 
* * 
+34 +4 1004 1004 0 1 0 0 1
+4 * 1004 1004
+3 +1 1004 1004
+1 * 1004 1004

fn=(416)
0x4c7f 929 1 0 0 1 0 0 1
+4 * 1 0 1
+1 * 1
+3 * 1
+4 * 1 0 1
+4 +1 1 1
+4 * 1 1
+3 * 1 1
+4 * 1
+2 * 1
+3 * 1 0 1
cfn=(404)
calls=1 0x4b67 -30 
* * 16 6 3
+5 * 1
+2 * 1
jcnd=1/1 +37 +4 
* * 
+37 +4 1 1 0 1 0 0 1
+4 * 1 1
+3 * 1 1
+4 * 1 1
+3 * 1
+2 * 1
+3 * 1 1
+2 * 1 0 1
+3 +1 1 1
+4 * 1 1
+3 * 1
+3 * 1 1
+4 * 1 0 1
+3 +1 1 1
+3 +1 1 1
+1 * 1 1

fn=(360) available_page
0x4302 702 10 0 0 1
+4 * 10 0 10
+1 * 10
+3 * 10
+4 +5 10 10
+7 * 10 10
+3 * 10 10
+7 * 10 10
+3 * 10
+2 * 10
+3 * 10
+2 +1 10 0 10
+8 * 10
jump=10 +7 * 
* * 
+2 * 45 0 45
+5 * 45 45
+4 * 45
+8 * 45
+7 * 45 45
+4 * 45 45
+4 * 45
+3 * 45
jcnd=36/45 -35 * 
* * 
-30 * 10 10
+4 * 10 0 0 1 0 0 1
+8 * 10
+7 * 10 10
+4 * 10 10
+4 * 10
+3 * 10
jcnd=9/10 -35 * 
* * 
+2 +1 10 10
+4 * 10
+8 * 10
+7 * 10 10
+4 * 10 0 10
+4 * 10
jump=10 +65 +14 
* * 
+65 +14 10 10 0 1 0 0 1
+7 * 10 10
+4 * 10
+3 * 10
+3 * 10 0 10
cfn=(362) pq_enqueue
calls=10 0x36c5 418 
* * 2768 738 568 7 0 9 6 0 9
+5 +1 10 10
+4 +1 10 10
+1 * 10 10

fn=(364) make_pq_elm
0x3529 376 10 0 0 1
+4 * 10 0 10
+1 * 10
+3 * 10
+4 * 10 0 10
+4 +1 10
+5 * 10 0 10 1 0 0 1
cob=(4)
cfi=(3)
cfn=(114)
calls=10 0x10a470 0 
* * 2050 410 370 0 0 9 0 0 9
+5 * 10 0 10
+4 +1 10 10
+4 * 10 10
+4 * 10 0 10
+3 +1 10 10
+4 * 10 10
+4 * 10 0 10
+4 +1 10 10
+4 +1 10 10
+1 * 10 10

fn=(376) inc_num_reads
0x30e9 262 9 0 0 1 0 0 1
+4 * 9 0 9
+1 * 9
+3 * 9
+4 * 9 0 9
+3 * 9 0 9
+3 +1 9 9
+3 * 9 9 0 1 0 0 1
+3 * 9
+2 * 9
+2 * 9 0 9
cfn=(378) inc_num_seeks_maybe
calls=9 0x3095 -11 
* * 202 71 46 1
+5 +1 9 9
+6 * 9
+3 * 9 0 9
+6 +1 9
+1 * 9 9
+1 * 9 9

fn=(378)
0x3095 252 9 0 0 1
+4 * 9 0 9
+1 * 9
+3 * 9 0 9
+3 * 9 0 9
+3 +2 9 9
+6 * 9 9
+3 * 9
jcnd=1/9 +25 +2 
* * 
+2 +1 8 8
+6 * 8 8
+3 * 8
+2 * 8
+2 * 8
+2 * 8
+3 * 8
+3 * 8
jcnd=8/8 +17 +2 
* * 
+2 +1 1 1
+6 * 1
+3 * 1 0 1
+6 +1 1 1
+3 * 1 0 1
+6 +1 1 1
+3 * 1 0 1
+6 +1 1
+1 * 1 1
+1 * 1 1
-20 -2 8 8
+3 * 8 0 8
+6 +1 8 8
+3 * 8 0 8
+6 +1 8
+1 * 8 8
+1 * 8 8

fn=(396) is_last_block
0x40c8 660 1009
+4 * 1009 0 1009
+1 * 1009
+3 * 1009 0 1009
+4 +1 1009 1009
+4 * 1009 1009
+3 * 1009 1009
+4 * 1009 1009
+3 * 1009 1009
+3 * 1009
+3 * 1009
+2 * 1009
+3 * 1009
+3 +1 1009 1009
+1 * 1009 1009

fn=(124) put_header_int_at
0x31ba 284 2
+4 * 2 0 2
+1 * 2 0 0 1
+3 * 2
+4 * 2 0 2
+4 * 2 0 2
+3 * 2 0 2
+3 +1 2 2
+4 * 2
+2 * 2 2
+4 * 2
jcnd=42/2 +50 +6 
* * 
+50 +6 2 2 0 1
+4 * 2 2
+3 * 2 2
+3 * 2
+2 * 2
+3 * 2 2
+3 * 2 0 2
+2 +1 2 2
+4 * 2 0 2
+7 +1 2
+5 +1 2 2
+1 * 2 2

fn=(352) get_buffered_blk_in_fhandle
0x3f02 624 9 0 0 1
+4 * 9 0 9
+1 * 9
+3 * 9
+4 * 9 0 9
+4 * 9 0 9
+3 +1 9 0 9
+8 * 9
jump=9 +98 * 
* * 
+2 +1 90 90
+4 * 90 90
+4 * 90
+4 * 90 90
+4 * 90
+3 * 90
jcnd=54/90 +72 -1 
* * 
+2 +1 36 36
+4 * 36 36
+4 * 36
+4 * 36 36
+4 * 36 36
+3 * 36 36
+3 * 36
jcnd=36/36 +48 -2 
* * 
+48 -2 90 0 90
+5 * 90 90
+5 * 90
jcnd=81/90 0x3f1f +1 
* * 
-5 * 9 9 0 1 0 0 1
+5 * 9
jcnd=9/9 0x3f1f +1 
* * 
+2 +7 9
+5 +1 9 9
+1 * 9 9

fn=(340) open_tbl_file
0x3b4a 534 2
+4 * 2 0 2
+1 * 2
+3 * 2
+4 * 2 0 2
+4 +1 2 2
+6 * 2
+3 * 2
jcnd=2/2 +49 +7 
* * 
+49 +7 2 2 0 1 0 0 1
+4 * 2
+5 * 2
+5 * 2
+3 * 2
+5 * 2 0 2
cob=(4)
cfi=(3)
cfn=(342)
calls=2 0x10a490 0 
* * 77 17 9 4 0 0 1
+5 * 2 0 2
+3 +1 2 2
+4 * 2
jcnd=1/2 0x3c36 +12 
* * 
+2 +2 1 1
+4 * 1 0 0 1 0 0 1
+5 * 1
+3 * 1 0 1
cob=(4)
cfi=(3)
cfn=(428)
calls=1 0x10a4f0 0 
* * 11 3 0 2 0 0 1
+5 * 1 0 1
+3 * 1 1
+4 * 1
jcnd=1/1 +44 +6 
* * 
+44 +6 1 1
+3 * 1
+2 * 1 0 1
cob=(4)
cfi=(3)
cfn=(432)
calls=1 0x10a3f0 0 
* * 11 3 0 1 0 0 1
+5 * 1
+3 * 1
+2 * 1 1
+4 * 1
+5 * 1
+5 * 1
+3 * 1
+5 * 1 0 1
cob=(4)
cfi=(3)
cfn=(342)
calls=1 0x10a490 0 
* * 36 8 4
+5 * 1 0 1
+3 * 1 1
+4 * 1
jcnd=1/1 +9 +4 
* * 
+9 +4 2 0 0 1 0 0 1
+5 * 2 0 2
cfn=(344) get_empty_fhandle_i
calls=2 0x39ef -48 
* * 43 15 5 1 0 0 1
+5 * 2 0 2 1 0 0 1
+3 +1 2 2
+4 * 2
jcnd=2/2 +9 +2 
* * 
+9 +2 2 2
+3 * 2 2
+4 * 2
+2 * 2
+3 * 2 0 2
cfn=(346) make_fhandle
calls=2 0x3a36 -45 
* * 1162 272 220 7 0 5 6 0 5
+5 * 2 0 2
+4 +2 2 2
+3 * 2
+2 * 2
+8 * 2
+7 * 2 2
+4 * 2 0 2 1 0 0 1
+4 +1 2 2
+6 * 2
+3 * 2 0 2
+6 +2 2 2
+4 +1 2 2
+1 * 2 2

fn=(344)
0x39ef 507 2
+4 * 2 0 2
+1 * 2
+3 +1 2 0 2
+8 * 2 0 0 1 0 0 1
jump=2 +41 * 
* * 
+2 +1 3 3
+4 * 3
+8 * 3
+7 * 3 3
+4 * 3
+3 * 3
jcnd=1/3 +8 -1 
* * 
+2 * 2 2
+4 * 2
jump=2 +19 +2 
* * 
+2 -1 1 0 1
+5 * 1 1
+5 * 1
jcnd=1/1 -44 +1 
* * 
-5 * 2 2
+5 * 2
jcnd=2/2 -44 +1 
* * 
+7 +3 2 2
+1 * 2 2

fn=(354) pin
0x4705 802 10 0 0 1 0 0 1
+4 * 10 0 10
+1 * 10
+3 * 10
+4 * 10 0 10
+4 +1 10 10
+5 * 10
jcnd=10/10 +9 +1 
* * 
+9 +1 10 10
+4 * 10
+3 * 10 0 10
cfn=(356) page_for_block
calls=10 0x43d0 -74 
* * 8609 2782 1238 15 0 9 13 0 9
+5 * 10 0 10
+4 +2 10 10
+4 * 10 10
+4 * 10 0 10
+4 +1 10 10 0 1 0 0 1
+4 * 10
+3 * 10 0 10
cfn=(368) pq_turn_pinned
calls=10 0x38af 468 
* * 952 510 207 4 0 0 4
+5 +1 10 10
+4 * 10 10
+4 * 10 0 10
+4 +1 10 10
+4 * 10 0 10
+7 +1 10 10
+4 * 10
+3 * 10 0 10
cfn=(372) read_page
calls=10 0x47e2 +14 
* * 1848 700 334 19 0 0 11
+5 * 10
+2 * 10
jcnd=10/10 +43 +4 
* * 
+43 +4 10 10 0 1 0 0 1
+4 +1 10 10
+1 * 10 10

fn=(368)
0x38af 468 10 0 0 1 0 0 1
+4 * 10 0 10
+1 * 10
+3 * 10
+4 * 10 0 10
+4 +1 10 10 0 1 0 0 1
+4 * 10 10
+3 * 10
+2 * 10
+2 +1 10 10
+4 * 10 10
+4 * 10 0 10
+4 +1 10 10
+7 * 10 10
+4 * 10
+3 * 10
+3 * 10 0 10
cfn=(370) pq_remove
calls=10 0x360f -70 
* * 348 206 68 1 0 0 1
+5 +1 10 10
+7 * 10 10
+4 * 10
+3 * 10
+3 * 10 0 10 1 0 0 1
cfn=(366)
calls=10 0x3564 -88 
* * 354 204 89
+5 +1 10
jump=10 +3 +1 
* * 
+3 +1 10 10
+1 * 10 10

fn=(382) get_header_int_at
0x314f 273 18 0 0 1 0 0 1
+4 * 18 0 18
+1 * 18
+3 * 18
+4 * 18 0 18
+4 * 18 0 18
+3 +1 18 18
+4 * 18
+2 * 18 18
+4 * 18
jcnd=18/18 +53 +6 
* * 
+53 +6 18 18 0 1
+4 * 18 18
+3 * 18 18
+3 * 18
+2 * 18
+3 * 18 18
+2 * 18 0 18
+3 +1 18 18
+3 +1 18 18
+1 * 18 18

fn=(358) same_block
0x405c 654 100 0 0 1 0 0 1
+4 * 100 0 100
+1 * 100
+3 * 100
+4 * 100 0 100
+4 * 100 0 100
+4 +1 100 100
+5 * 100
jcnd=55/100 +9 * 
* * 
+2 * 45 45
+5 * 45
jcnd=45/45 +9 +1 
* * 
+2 * 55 0 0 1 0 0 1
+5 * 55
jump=55 +67 +3 
* * 
+2 +1 45 45
+4 * 45 45
+3 * 45 45
+3 * 45 45
+4 * 45 45
+3 * 45 45
+3 * 45
+3 * 45
+3 * 45 0 45
cob=(4)
cfi=(3)
cfn=(274)
calls=45 0x10a420 0 
* * 1035 270
+5 +1 45
+2 * 45
jcnd=9/45 +27 * 
* * 
+2 * 36 36
+4 * 36 36
+3 * 36 36
+4 * 36 36
+3 * 36
+2 * 36
jcnd=36/36 +9 * 
* * 
+9 * 45
+5 +1 45 45
+1 * 45 45
-1 * 55 55 0 1 0 0 1
+1 * 55 55

fn=(372)
0x47e2 824 10 0 0 1 0 0 1
+4 * 10 0 10
+1 * 10
+3 * 10
+4 * 10 0 10
+4 +1 10 10
+5 * 10
jcnd=10/10 +37 +4 
* * 
+37 +4 10 10 0 1 0 0 1
+4 * 10 10
+3 * 10
+2 * 10
jcnd=10/10 +12 +1 
* * 
+12 +1 10 10
+4 * 10 10
+4 * 10
+3 * 10
jcnd=10/10 +37 +4 
* * 
+37 +4 10 10 0 1 0 0 1
+4 * 10 10
+4 * 10 10
+3 * 10
+3 * 10
jcnd=10/10 +37 +4 
* * 
+37 +4 10 10 0 1 0 0 1
+4 * 10 10
+4 * 10 10
+3 * 10 10
+3 * 10 0 10
+3 +1 10 10
+4 * 10 10
+4 * 10 10
+3 * 10
+2 * 10
+4 * 10
+3 * 10 10
+3 * 10 0 0 1 0 0 1
+5 * 10
+3 * 10
+2 * 10 0 10
cob=(4)
cfi=(3)
cfn=(348)
calls=10 0x10a3c0 0 
* * 80 20
+5 * 10
+3 * 10
jcnd=10/10 +62 +5 
* * 
+62 +5 10 10 0 1 0 0 1
+4 * 10 10
+3 * 10 10
+3 * 10
+5 * 10
+3 * 10
+2 * 10 0 10
cob=(4)
cfi=(3)
cfn=(374)
calls=10 0x10a400 0 
* * 100 30
+5 * 10 0 10
+3 +1 10 10
+4 * 10
jcnd=10/10 +9 +1 
* * 
+9 +1 10 10
+4 * 10
jcnd=9/10 +21 +3 
* * 
+2 +1 1 1
+4 * 1
+5 * 1
+3 * 1 0 1
cfn=(126) set_page_free_pos
calls=1 0x32b5 312 
* * 40 15 11 2
+5 * 1
jump=1 +49 +6 
* * 
+2 +2 9 9 0 1 0 0 1
+4 * 9 9
+4 * 9 9
+3 * 9 9
+3 * 9
+2 * 9
+2 * 9 0 9
cfn=(376)
calls=9 0x30e9 262 
* * 355 116 91 3 0 0 2
+5 +1 9 9
+4 * 9
+3 * 9 0 9
cfn=(380) check_page_header_size
calls=9 0x325b 302 
* * 315 117 72 4 0 0 1
+5 +1 9 9
+4 * 9
+3 * 9 0 9
cfn=(384) set_page_free_pos_from_content
calls=9 0x32e9 317 
* * 306 117 72 2
+5 +2 10 0 0 1 0 0 1
+5 +1 10 10
+1 * 10 10

fn=(388)
0x46e4 797 9 0 0 1 0 0 1
+4 * 9 0 9
+1 * 9
+3 * 9 0 9
+4 +1 9 9
+5 * 9
+2 +1 9 9
+4 * 9 0 9
+7 +1 9
+1 * 9 9
+1 * 9 9

fn=(440)
0x4bd4 909 2
+4 * 2 0 2
+1 * 2
+3 * 2 0 2
+4 * 2 0 2
+3 * 2 0 2
+3 +1 2 2
+4 * 2
+2 * 2 2
+4 * 2 2
+3 * 2 2
+3 * 2
+2 +1 2 2
+3 * 2
+2 * 2 2
+3 * 2 0 0 1 0 0 1
+3 * 2
+5 * 2
+3 * 2
+3 * 2
+2 +1 2
+5 * 2
jump=2 +7 +2 
* * 
+7 +2 2 2
+1 * 2 2

fn=(356)
0x43d0 730 10 0 0 1 0 0 1
+4 * 10 0 10
+1 * 10
+3 * 10
+4 * 10 0 10
+4 +1 10 10
+5 * 10
jcnd=10/10 +12 +1 
* * 
+12 +1 10 0 10
+8 * 10
jump=10 0x4463 * 
* * 
+2 +1 100 100
+4 * 100 0 0 1 0 0 1
+8 * 100
+7 * 100 100
+4 * 100
+3 * 100
+2 * 100 100
+4 * 100
+8 * 100
+7 * 100 100
+4 * 100 100
+4 * 100 100
+4 * 100
+3 * 100
+3 * 100 0 100
cfn=(358)
calls=100 0x405c -79 
* * 2991 1029 345 3 0 0 3
+5 * 100
+2 * 100
jcnd=100/100 +27 -1 
* * 
+27 -1 100 0 100
+5 * 100 100
+5 * 100
jcnd=90/100 0x43fb +1 
* * 
-5 * 10 10
+5 * 10
jcnd=10/10 0x43fb +1 
* * 
+2 +5 10
+5 * 10 0 10
cfn=(360)
calls=10 0x4302 -35 
* * 3468 1013 653 10 0 9 8 0 9
+5 +1 10 10
+1 * 10 10

fn=(384)
0x32e9 317 9 0 0 1
+4 * 9 0 9
+1 * 9
+3 * 9
+4 * 9 0 9
+4 +1 9 9
+4 * 9 0 0 1
+5 * 9
+3 * 9 0 9
cfn=(382)
calls=9 0x314f -45 
* * 180 81 36
+5 * 9 9
+4 * 9 0 9
+3 +1 9
+1 * 9 9
+1 * 9 9

fn=(442)
0x4cf9 939 1
+4 * 1 0 1
+1 * 1 0 0 1 0 0 1
+3 * 1
+4 * 1 0 1
+4 * 1 0 1
+3 +1 1 1
+4 * 1 1
+3 * 1 1
+4 * 1
+5 * 1
+2 * 1
+3 * 1 0 1
cfn=(440)
calls=1 0x4bd4 -31 
* * 24 8 4
+5 * 1
+2 * 1
jcnd=1/1 +9 +3 
* * 
+9 +3 1 1
+4 * 1 1
+3 * 1 1
+4 * 1 1
+3 * 1
+2 * 1
+3 * 1 1
+3 * 1 0 1
+2 +1 1 1
+4 * 1 0 1
+7 +1 1 1
+4 * 1 1
+3 * 1
+3 * 1 1
+4 * 1
+2 * 1
+3 * 1 0 1
cfn=(444) set_pos_after_put
calls=1 0x4c1e -27 
* * 61 24 16
+5 +1 1
+5 +1 1 1
+1 * 1 1

fn=(126)
0x32b5 312 2
+4 * 2 0 2
+1 * 2
+3 * 2
+4 * 2 0 2
+4 * 2 0 2
+3 +1 2 2
+4 * 2 2
+3 * 2 0 2
+3 +1 2 2
+3 * 2 2
+4 * 2
+5 * 2
+3 * 2 0 2
cfn=(124)
calls=22 0x31ba -30 
* * 46 18 12 2
+5 +1 2
+1 * 2 2
+1 * 2 2

fn=(394)
0x40f2 664 1001
+4 * 1001 0 1001
+1 * 1001
+3 * 1001
+4 * 1001 0 1001 1
+4 +1 1001 1001
+4 * 1001 1001
+4 * 1001
+3 * 1001 0 1001
cfn=(396)
calls=1001 -69 -5 
* * 15015 7007 2002
+5 * 1001
+2 * 1001
jcnd=985/1001 +25 * 
* * 
+2 * 16 16
+4 * 16
+3 * 16 0 16
cfn=(398)
calls=16 0x4c5b 925 
* * 208 96 32
+5 * 16
+2 * 16
jcnd=15/16 +9 * 
* * 
+2 * 1
+5 * 1
jump=1 +7 +1 
* * 
+2 * 1000
+5 +1 1000 1000
+1 * 1000 1000
-1 * 1 1
+1 * 1 1

fn=(408)
0x4b1a 891 1000
+4 * 1000 0 1000
+1 * 1000
+3 * 1000
+4 * 1000 0 1000
+4 * 1000 0 1000
+3 +1 1000 1000
+5 * 1000
jcnd=1000/1000 +34 +4 
* * 
+34 +4 1000 1000
+4 * 1000 1000
+3 * 1000 0 1000
+3 +1 1000 1000
+4 * 1000 1000
+3 +1 1000 1000
+1 * 1000 1000

fn=(444)
0x4c1e 918 1
+4 * 1 0 1
+1 * 1
+3 * 1
+4 * 1 0 1
+4 * 1 0 1
+3 +1 1 1
+4 * 1 1
+3 * 1 1
+3 * 1
+2 +1 1 1
+3 * 1 1
+4 * 1
+2 * 1
+3 * 1 0 1
cfn=(126)
calls=1 0x32b5 312 
* * 40 15 11
+5 +2 1 1
+4 * 1 1
+3 * 1 0 1
+3 +1 1
+1 * 1 1
+1 * 1 1

fn=(448) pq_turn_unpinned
0x3907 477 8
+4 * 8 0 8
+1 * 8
+3 * 8
+4 * 8 0 8
+4 +1 8 8
+4 * 8 8
+3 * 8
+2 * 8
+2 +1 8 8
+4 * 8 8
+4 * 8 0 8
+4 +1 8 8
+7 * 8 8
+4 * 8
+3 * 8
+3 * 8 0 8
cfn=(370)
calls=8 0x360f -79 
* * 312 192 56 1 0 0 1
+5 +1 8 8
+7 * 8 8
+4 * 8
+3 * 8
+3 * 8 0 8
cfn=(366)
calls=8 0x3564 -97 
* * 282 162 71
+5 +1 8
jump=8 +3 +1 
* * 
+3 +1 8 8
+1 * 8 8

fn=(346)
0x3a36 513 2
+4 * 2 0 2
+1 * 2
+3 * 2 0 0 1 0 0 1
+4 * 2 0 2
+4 * 2 0 2
+3 +1 2
+5 * 2 0 2
cob=(4)
cfi=(3)
cfn=(114)
calls=2 0x10a470 0 
* * 410 82 74 0 0 3 0 0 3
+5 * 2 0 2
+4 +1 2 2
+4 * 2
+3 * 2 0 2
cob=(4)
cfi=(3)
cfn=(308)
calls=2 0x10a360 0 
* * 32 6
+5 * 2
+4 * 2
+3 * 2 0 2
cob=(4)
cfi=(3)
cfn=(114)
calls=2 0x10a470 0 
* * 410 82 74 0 0 1 0 0 1
+5 * 2
+3 * 2 2
+4 * 2 0 2
+3 +1 2 2
+4 * 2 2
+3 * 2 2 0 1 0 0 1
+4 * 2
+3 * 2
+3 * 2 0 2
cob=(4)
cfi=(3)
cfn=(310)
calls=2 0x10a300 0 
* * 58 10 4 2 0 0 2
+5 +1 2 2
+4 * 2 2
+3 * 2 0 2
+3 +1 2 2
+3 * 2
+5 * 2
+5 * 2
+2 * 2 0 2
cob=(4)
cfi=(3)
cfn=(348)
calls=2 0x10a3c0 0 
* * 16 4 0 2 0 0 1
+5 * 2
+7 * 2
+3 * 2
+4 * 2
+4 * 2 0 0 1 0 0 1
+2 * 2 2
+4 * 2 0 2
+3 +1 2 2
+4 * 2 0 2
+8 +1 2 0 2
+8 * 2
jump=2 +27 * 
* * 
+2 +1 20 20
+4 * 20 20
+4 * 20
+4 * 20 0 20 0 0 1 0 0 1
+8 -1 20 0 20
+5 * 20 20
+5 * 20
jcnd=18/20 -30 +1 
* * 
-5 * 2 2
+5 * 2
jcnd=2/2 -30 +1 
* * 
+2 +3 2 2
+4 +1 2 2
+1 * 2 2

fn=(362)
0x36c5 418 10 0 0 1 0 0 1
+4 * 10 0 10
+1 * 10
+3 * 10
+4 * 10 0 10
+4 * 10 0 10
+4 +1 10 10
+5 * 10
+2 * 10 10
+5 * 10
jcnd=10/10 +29 +4 
* * 
+29 +4 10 10 0 1 0 0 1
+4 * 10
+3 * 10 0 10
cfn=(364)
calls=10 0x3529 -47 
* * 2220 480 430 2 0 9 1 0 9
+5 * 10
+3 * 10 10
+4 * 10
+3 * 10
+3 * 10 0 10
cfn=(366)
calls=10 0x3564 -39 
* * 348 198 88 3 0 0 3
+5 +1 10 10
+1 * 10 10

fn=(370)
0x360f 401 18
+4 * 18 0 18
+1 * 18
+3 * 18 0 18
+4 * 18 0 18
+4 +1 18 18
+4 * 18 18
+3 * 18
+3 * 18
jcnd=16/18 +38 +5 
* * 
+2 +1 2 2
+4 * 2 0 2
+7 +1 2 2
+4 * 2 0 2 1 0 0 1
+8 +1 2 2
+4 * 2 0 2
+7 +10 2
jump=2 0x36c3 +1 
* * 
+2 -8 16 16
+4 * 16 16
+4 * 16 16
+4 * 16 16
+4 * 16 0 16
+4 +1 16 16
+4 * 16 16
+4 * 16 16
+4 * 16 16
+4 * 16 0 16
+4 +1 16 16
+4 * 16 16
+3 * 16 16 0 1 0 0 1
+4 * 16
jcnd=15/16 +17 +2 
* * 
+2 +1 1 1
+4 * 1 1
+4 * 1 1
+4 * 1 0 1
+3 +1 1 1
+4 * 1 1
+4 * 1 1
+4 * 1
jcnd=1/1 +18 +2 
* * 
-12 * 15 15
+4 * 15 15
+4 * 15 15
+4 * 15
+2 +1 15 15
+4 * 15 15
+4 * 15 15
+4 * 15 0 15
+4 +1 15 15
+4 * 15 15
+3 * 15
+3 * 15 15
+4 * 15 0 15
+3 +2 15
+1 +1 15 15
+1 * 15 15
-19 -3 1 1
+4 * 1 1
+3 * 1
+3 * 1 1
+4 * 1 0 1
+3 +2 1
+1 +1 1 1
+1 * 1 1
-1 * 2 2
+1 * 2 2

fn=(398)
0x4c5b 925 1016 0 0 1 0 0 1
+4 * 1016 0 1016
+1 * 1016
+3 * 1016 0 1016
+4 +1 1016 1016
+4 * 1016 1016
+3 * 1016 1016
+4 * 1016 1016
+3 * 1016
+2 * 1016
+3 * 1016
+3 +1 1016 1016
+1 * 1016 1016

fn=(426)
0x463b 784 1
+4 * 1 0 1
+1 * 1 0 0 1 0 0 1
+3 * 1
+4 * 1 0 1
+4 +1 1 1
+4 * 1
+5 * 1
+3 * 1 0 1
cfn=(334)
calls=1 0x4476 -45 
* * 2059 590 371 8 0 4 5 0 4
+5 * 1 0 1
+4 +1 1 1
+5 * 1
jcnd=1/1 +9 +1 
* * 
+9 +1 1 1
+4 * 1 1
+3 * 1 1
+4 * 1 0 1
+3 +1 1 1
+4 +1 1 1 0 1 0 0 1
+1 * 1 1

fn=(446)
0x47a1 817 8
+4 * 8 0 8
+1 * 8
+3 * 8
+4 * 8 0 8
+4 +1 8 8
+4 * 8
+3 * 8 0 8
cfn=(448)
calls=8 0x3907 477 
* * 794 434 167 1 0 0 1
+5 +1 8 8
+4 * 8 0 8
+7 +1 8 8
+4 * 8 8
+3 * 8
+2 * 8
jcnd=8/8 +14 +2 
* * 
+14 +2 8
+1 * 8 8
+1 * 8 8

fn=(334)
0x4476 740 10 0 0 1 0 0 1
+4 * 10 0 10
+1 * 10
+3 * 10 0 0 1 0 0 1
+4 * 10 0 10
+4 * 10 0 10
+3 +1 10 0 10
+8 +1 10 10
+4 * 10
+3 * 10 0 10
cfn=(336) get_tbl_file
calls=10 0x3b04 526 
* * 698 214 91 5 0 0 5
+5 * 10 0 10
+4 +1 10 10
+5 * 10
jcnd=8/10 +18 +2 
* * 
+2 * 2 2
+4 * 2
+3 * 2 0 2
cfn=(340)
calls=2 0x3b4a 534 
* * 1441 347 263 20 0 5 15 0 5
+5 * 2 0 2
+4 +2 2 2
+5 * 2
jcnd=2/2 +37 +5 
* * 
-5 * 8 8
+5 * 8
jcnd=8/8 +37 +5 
* * 
+37 +5 10 10 0 1 0 0 1
+4 * 10
jcnd=9/10 +33 +3 
* * 
+2 +1 1 1
+4 * 1 1
+3 * 1
+2 * 1
jcnd=1/1 +14 * 
* * 
+14 * 1
+5 * 1 0 1
+3 +2 1 1
+4 * 1
-4 * 9 9 0 1 0 0 1
+4 * 9
+2 * 10 10
+4 * 10 10
+3 * 10 10
+3 * 10
jcnd=10/10 +51 +6 
* * 
+51 +6 10 10 0 1 0 0 1
+4 * 10 10
+4 * 10
+3 * 10
jcnd=2/10 +32 +2 
* * 
+2 * 8 8
+4 * 8 8
+4 * 8 8
+3 * 8 8
+3 * 8
jcnd=8/8 +16 +2 
* * 
+16 +2 10 10
+4 * 10 10
+3 * 10 10
+3 * 10 0 0 1 0 0 1
jcnd=9/10 +21 +3 
* * 
+2 +1 1 1
+4 * 1 1
+3 * 1
+3 * 1 1
+4 * 1 0 1
+3 * 1
jump=1 +23 +4 
* * 
+2 +2 9 9
+3 * 9 9
+4 * 9
+2 * 9
+3 * 9 0 9
cfn=(352)
calls=9 0x3f02 624 
* * 1179 567 126 2 0 0 1
+5 * 9 0 9
+4 +2 9 9
+5 * 9
-5 * 1 1
+5 * 1
+2 +1 10
+5 * 10 0 10
cob=(4)
cfi=(3)
cfn=(114)
calls=10 0x10a470 0 
* * 2050 410 370 0 0 1 0 0 1
+5 * 10 0 10
+4 +1 10 10 0 1 0 0 1
+4 * 10 10
+4 * 10 0 10
+3 +1 10 10
+4 * 10 10
+3 * 10 0 10
+3 +1 10 10
+4 * 10
+3 * 10 0 10
cfn=(354)
calls=10 0x4705 +32 
* * 11709 4112 1869 41 0 9 31 0 9
+5 * 10
+3 * 10
jcnd=10/10 +33 +5 
* * 
+33 +5 10 10 0 1 0 0 1
+4 * 10 10
+4 * 10
+3 * 10
+3 * 10 0 10
cfn=(386)
calls=10 0x3f8d 635 
* * 574 244 86 2 0 0 2
+5 +1 10 10
+4 * 10 10
+4 * 10 0 10
+7 +4 10 10
+4 * 10 10
+4 * 10 0 10
+4 +1 10 10
+4 * 10 10
+4 +1 10 10
+1 * 10 10

fn=(336)
0x3b04 526 10 0 0 1 0 0 1
+4 * 10 0 10
+1 * 10
+3 * 10
+4 * 10 0 10
+4 +1 10 10
+4 * 10
+3 * 10 0 10
cfn=(338) find_fhandle_i
calls=10 0x395f -38 
* * 524 158 51 3 0 0 3
+5 * 10 0 10
+3 +2 10 10
+4 * 10
jcnd=8/10 +9 +2 
* * 
+2 * 2
+5 * 2
jump=2 +26 +3 
* * 
+2 +2 8 8
+3 * 8
+2 * 8
+8 * 8
+7 * 8 8
+4 +1 8 8
+1 * 8 8
-1 * 2 2 0 1 0 0 1
+1 * 2 2

fn=(338)
0x395f 489 10 0 0 1 0 0 1
+4 * 10 0 10
+1 * 10
+3 * 10
+4 * 10 0 10
+4 +1 10 0 10
+8 * 10 0 10
+8 * 10 0 0 1 0 0 1
jump=10 +91 +1 
* * 
+2 +3 9 9
+4 * 9
+8 * 9
+7 * 9 9
+4 * 9
+3 * 9
+2 +1 9 9
+4 * 9
+8 * 9
+7 * 9 9
+4 * 9 9
+3 * 9 9
+4 * 9
+3 * 9
+3 * 9 0 9
cob=(4)
cfi=(3)
cfn=(274)
calls=9 0x10a420 0 
* * 207 54
+5 * 9
+2 * 9
jcnd=1/9 +8 +2 
* * 
+2 +1 8 8
+4 * 8
jump=8 +31 +5 
* * 
+2 +1 1 0 1
+5 -4 1 0 1
+5 -1 1 1
+6 * 1
+2 * 1 1
+4 * 1
-12 * 10 10 0 1 0 0 1
+6 * 10
+2 * 10 10
+4 * 10
jcnd=9/10 0x3981 +2 
* * 
+2 +8 2
+5 +1 2 2
+1 * 2 2
-1 * 8 8
+1 * 8 8

fn=(380)
0x325b 302 9 0 0 1
+4 * 9 0 9
+1 * 9
+3 * 9
+4 * 9 0 9
+4 +1 9 9
+4 * 9
+5 * 9
+3 * 9 0 9
cfn=(382)
calls=9 0x314f -30 
* * 180 81 36 2 0 0 1
+5 * 9 0 9
+3 +1 9 9 0 1
+4 * 9
jcnd=9/9 +47 +6 
* * 
+47 +6 9
+1 * 9 9
+1 * 9 9

fn=(402)
0x4d73 949 1000 0 0 1 0 0 1
+4 * 1000 0 1000
+1 * 1000
+3 * 1000
+4 * 1000 0 1000 1 0 0 1
+4 * 1000 0 1000
+3 +1 1000 1000
+3 * 1000 1000
+4 * 1000
+2 * 1000
+3 * 1000 0 1000
cfn=(404)
calls=1000 0x4b67 -50 
* * 16000 6000 3000 3 0 0 3
+5 * 1000
+2 * 1000
jcnd=1000/1000 +37 +4 
* * 
+37 +4 1000 1000 0 1 0 0 1
+4 * 1000 1000
+3 * 1000 1000
+3 * 1000
+2 * 1000
+3 * 1000 1000
+2 * 1000 0 1000
+3 +1 1000 1000
+4 * 1000 1000
+3 * 1000
+3 * 1000 1000
+4 * 1000 0 1000
+3 +1 1000 1000
+3 +1 1000 1000
+1 * 1000 1000

fn=(404)
0x4b67 900 1002 0 0 1 0 0 1
+4 * 1002 0 1002
+1 * 1002
+3 * 1002
+4 * 1002 0 1002
+4 * 1002 0 1002
+3 +1 1002 1002
+4 * 1002
+2 * 1002 1002 0 1 0 0 1
+4 * 1002 1002
+3 * 1002 1002
+3 * 1002
+2 +1 1002
+5 * 1002
jump=1002 +65 +5 
* * 
+65 +5 1002 1002 0 1 0 0 1
+1 * 1002 1002

fn=(450)
0x4682 791 8
+4 * 8 0 8
+1 * 8
+3 * 8
+4 * 8 0 8
+4 +1 8 8
+4 * 8 8
+4 * 8
+3 * 8 0 8
cfn=(396)
calls=8 0x40c8 660 
* * 120 56 16
+5 +1 8
+2 * 8
jcnd=8/8 +18 * 
* * 
+18 * 8 8
+4 * 8 8
+4 * 8 8
+3 * 8
+3 -1 8 0 8
+3 +2 8 8
+4 * 8 8
+4 * 8 8
+3 * 8 8
+3 * 8 8
+3 * 8
+2 * 8
+3 * 8 0 8
cfn=(334)
calls=8 0x4476 -54 
* * 14284 5052 2212 0 0 8 0 0 8
+5 +1 8 8
+1 * 8 8

fl=(27)
fn=(422)
0x2823 33 2
+4 * 2 0 2
+1 * 2
+3 * 2
+7 * 2 0 2
+6 * 2 0 2
+7 * 2 0 2 1 0 0 1
+7 * 2 0 2
+7 * 2 0 2
+7 * 2 0 2
+7 * 2
+2 * 2
jcnd=2/2 +34 * 
* * 
+34 * 2 2 0 1 0 0 1
+9 * 2 0 2
+7 * 2
+2 +3 2 2
+6 * 2 2
+6 * 2
jcnd=2/2 +81 * 
* * 
+81 * 2 0 0 1 0 0 1
+1 +5 2 2
+7 * 2 2
+9 * 2 0 0 1 0 0 1
jcnd=2/2 +7 * 
* * 
+7 * 2 2
+1 * 2 2

fn=(108)
0x2649 13 1 0 0 1
+4 * 1 0 1
+1 * 1
+3 * 1
+7 * 1 0 1
+6 * 1 0 1
+7 * 1 0 1
+7 * 1 0 1
+7 * 1 0 1
+7 * 1 0 1
+7 * 1
+2 * 1
jcnd=4/1 +34 * 
* * 
+34 * 1 1
+9 * 1 0 1
+7 * 1
+2 +3 1 1
+6 * 1 1
+6 * 1
jcnd=4/1 0x2809 * 
* * 
0x2809 * 1
+1 +14 1 1
+7 * 1 1
+9 * 1
jcnd=4/1 +7 * 
* * 
+7 * 1 1
+1 * 1 1

totals: 203895 80236 42176 208 3 20 171 3 20
